vec3(0.098,0.9952,-0.0)
vec3(0.2903,0.9569,-0.0)
vec3(0.4714,0.8819,-0.0)
vec3(0.6344,0.773,-0.0)
vec3(0.773,0.6344,-0.0)
vec3(0.8819,0.4714,-0.0)
vec3(0.9569,0.2903,-0.0)
vec3(0.9952,0.098,-0.0)
vec3(-0.0,-0.0,1.0)
vec3(-0.0,-0.0,-1.0)
vec3(-1.0,-0.0,-0.0)
vec3(1.0,-0.0,-0.0)
vec3(-0.9952,0.098,-0.0)
vec3(-0.9569,0.2903,-0.0)
vec3(-0.8819,0.4714,-0.0)
vec3(-0.773,0.6344,-0.0)
vec3(-0.6344,0.773,-0.0)
vec3(-0.4714,0.8819,-0.0)
vec3(-0.2903,0.9569,-0.0)
vec3(-0.098,0.9952,-0.0)
vec3(0.098,-0.0,-0.9952)
vec3(0.2903,-0.0,-0.9569)
vec3(0.4714,-0.0,-0.8819)
vec3(0.6344,-0.0,-0.773)
vec3(0.773,-0.0,-0.6344)
vec3(0.8819,-0.0,-0.4714)
vec3(0.9569,-0.0,-0.2903)
vec3(0.9952,-0.0,-0.098)
vec3(0.9952,-0.0,0.098)
vec3(0.9569,-0.0,0.2903)
vec3(0.8819,-0.0,0.4714)
vec3(0.773,-0.0,0.6344)
vec3(0.6344,-0.0,0.773)
vec3(0.4714,-0.0,0.8819)
vec3(0.2903,-0.0,0.9569)
vec3(0.098,-0.0,0.9952)
vec3(-0.098,-0.0,0.9952)
vec3(-0.2903,-0.0,0.9569)
vec3(-0.4714,-0.0,0.8819)
vec3(-0.6344,-0.0,0.773)
vec3(-0.773,-0.0,0.6344)
vec3(-0.8819,-0.0,0.4714)
vec3(-0.9569,-0.0,0.2903)
vec3(-0.9952,-0.0,0.098)
vec3(-0.9952,-0.0,-0.098)
vec3(-0.9569,-0.0,-0.2903)
vec3(-0.8819,-0.0,-0.4714)
vec3(-0.773,-0.0,-0.6344)
vec3(-0.6344,-0.0,-0.773)
vec3(-0.4714,-0.0,-0.8819)
vec3(-0.0,1.0,-0.0)
vec3(-0.2903,-0.0,-0.9569)
vec3(-0.098,-0.0,-0.9952)
vec3(-0.0,-1.0,-0.0)
vec3(-0.9952,-0.098,-0.0)
vec3(-0.9569,-0.2903,-0.0)
vec3(-0.8819,-0.4714,-0.0)
vec3(-0.773,-0.6344,-0.0)
vec3(-0.6344,-0.773,-0.0)
vec3(-0.4714,-0.8819,-0.0)
vec3(-0.2903,-0.9569,-0.0)
vec3(-0.098,-0.9952,-0.0)
vec3(0.098,-0.9952,-0.0)
vec3(0.2903,-0.9569,-0.0)
vec3(0.4714,-0.8819,-0.0)
vec3(0.6344,-0.773,-0.0)
vec3(0.773,-0.6344,-0.0)
vec3(0.8819,-0.4714,-0.0)
vec3(0.9569,-0.2903,-0.0)
vec3(0.9952,-0.098,-0.0)
