vec3(346,474,473)
vec3(377,378,379)
vec3(389,389,389)
vec3(348,475,474)
vec3(380,381,378)
vec3(390,390,390)
vec3(350,476,475)
vec3(382,383,381)
vec3(391,391,391)
vec3(352,477,476)
vec3(384,385,383)
vec3(392,392,392)
vec3(354,478,477)
vec3(386,387,385)
vec3(393,393,393)
vec3(356,479,478)
vec3(388,389,387)
vec3(394,394,394)
vec3(358,480,479)
vec3(390,391,389)
vec3(395,395,395)
vec3(480,362,481)
vec3(391,392,393)
vec3(396,396,396)
vec3(392,521,520)
vec3(394,395,394)
vec3(397,397,397)
vec3(376,511,374)
vec3(396,397,397)
vec3(397,397,397)
vec3(484,524,525)
vec3(398,399,398)
vec3(398,398,398)
vec3(485,525,526)
vec3(400,398,400)
vec3(398,398,398)
vec3(382,516,515)
vec3(401,402,401)
vec3(397,397,397)
vec3(366,505,364)
vec3(403,404,404)
vec3(397,397,397)
vec3(486,526,527)
vec3(405,400,405)
vec3(398,398,398)
vec3(394,538,521)
vec3(406,407,406)
vec3(399,399,399)
vec3(390,520,519)
vec3(408,394,408)
vec3(397,397,397)
vec3(374,510,372)
vec3(397,409,409)
vec3(397,397,397)
vec3(487,527,528)
vec3(410,405,410)
vec3(398,398,398)
vec3(488,528,529)
vec3(411,410,411)
vec3(398,398,398)
vec3(380,515,514)
vec3(412,401,412)
vec3(397,397,397)
vec3(364,506,362)
vec3(404,413,413)
vec3(397,397,397)
vec3(362,522,481)
vec3(392,393,393)
vec3(400,400,400)
vec3(489,529,530)
vec3(414,411,414)
vec3(398,398,398)
vec3(394,498,497)
vec3(406,415,407)
vec3(401,401,401)
vec3(396,499,498)
vec3(416,417,415)
vec3(402,402,402)
vec3(398,500,499)
vec3(418,419,417)
vec3(403,403,403)
vec3(400,501,500)
vec3(420,421,419)
vec3(404,404,404)
vec3(402,502,501)
vec3(422,423,421)
vec3(405,405,405)
vec3(404,503,502)
vec3(424,425,423)
vec3(406,406,406)
vec3(382,366,350)
vec3(401,403,426)
vec3(397,397,397)
vec3(406,504,503)
vec3(427,428,425)
vec3(407,407,407)
vec3(408,473,504)
vec3(429,430,428)
vec3(408,408,408)
vec3(375,391,407)
vec3(431,432,433)
vec3(398,398,398)
vec3(410,411,409)
vec3(377,434,435)
vec3(409,409,409)
vec3(412,413,411)
vec3(380,436,434)
vec3(410,410,410)
vec3(414,415,413)
vec3(382,437,436)
vec3(411,411,411)
vec3(416,417,415)
vec3(384,438,437)
vec3(412,412,412)
vec3(418,419,417)
vec3(386,439,438)
vec3(413,413,413)
vec3(420,421,419)
vec3(388,440,439)
vec3(414,414,414)
vec3(422,423,421)
vec3(390,441,440)
vec3(415,415,415)
vec3(424,425,423)
vec3(442,443,441)
vec3(416,416,416)
vec3(426,427,425)
vec3(392,444,443)
vec3(417,417,417)
vec3(428,429,427)
vec3(445,446,444)
vec3(418,418,418)
vec3(430,431,429)
vec3(447,448,446)
vec3(419,419,419)
vec3(432,433,431)
vec3(449,450,448)
vec3(420,420,420)
vec3(434,435,433)
vec3(451,452,450)
vec3(421,421,421)
vec3(436,437,435)
vec3(453,454,452)
vec3(422,422,422)
vec3(438,439,437)
vec3(455,456,454)
vec3(423,423,423)
vec3(440,441,439)
vec3(457,458,456)
vec3(424,424,424)
vec3(442,443,441)
vec3(459,460,458)
vec3(425,425,425)
vec3(444,445,443)
vec3(461,462,460)
vec3(426,426,426)
vec3(446,447,445)
vec3(463,464,462)
vec3(427,427,427)
vec3(448,449,447)
vec3(465,466,464)
vec3(428,428,428)
vec3(450,451,449)
vec3(467,468,466)
vec3(429,429,429)
vec3(452,453,451)
vec3(469,470,468)
vec3(430,430,430)
vec3(453,456,455)
vec3(470,471,472)
vec3(431,431,431)
vec3(456,457,455)
vec3(471,473,472)
vec3(432,432,432)
vec3(458,459,457)
vec3(406,474,473)
vec3(433,433,433)
vec3(460,461,459)
vec3(416,475,474)
vec3(434,434,434)
vec3(462,463,461)
vec3(418,476,475)
vec3(435,435,435)
vec3(464,465,463)
vec3(420,477,476)
vec3(436,436,436)
vec3(466,467,465)
vec3(422,478,477)
vec3(437,437,437)
vec3(468,469,467)
vec3(424,479,478)
vec3(438,438,438)
vec3(418,416,434)
vec3(480,481,482)
vec3(439,439,439)
vec3(470,471,469)
vec3(427,483,479)
vec3(440,440,440)
vec3(472,409,471)
vec3(429,484,483)
vec3(441,441,441)
vec3(467,469,447)
vec3(485,486,487)
vec3(442,442,442)
vec3(504,345,407)
vec3(428,484,483)
vec3(408,408,408)
vec3(503,407,405)
vec3(425,483,479)
vec3(407,407,407)
vec3(502,405,403)
vec3(423,479,478)
vec3(406,406,406)
vec3(501,403,401)
vec3(421,478,477)
vec3(405,405,405)
vec3(500,401,399)
vec3(419,477,476)
vec3(404,404,404)
vec3(499,399,397)
vec3(417,476,475)
vec3(403,403,403)
vec3(498,397,395)
vec3(415,475,474)
vec3(402,402,402)
vec3(497,395,393)
vec3(407,474,473)
vec3(401,401,401)
vec3(496,393,391)
vec3(488,473,472)
vec3(443,443,443)
vec3(495,391,389)
vec3(489,472,470)
vec3(444,444,444)
vec3(387,495,389)
vec3(468,489,470)
vec3(445,445,445)
vec3(493,387,385)
vec3(490,468,466)
vec3(446,446,446)
vec3(492,385,383)
vec3(491,466,464)
vec3(447,447,447)
vec3(381,492,383)
vec3(462,491,464)
vec3(448,448,448)
vec3(379,491,381)
vec3(460,492,462)
vec3(449,449,449)
vec3(489,379,377)
vec3(414,460,458)
vec3(450,450,450)
vec3(488,377,375)
vec3(411,458,456)
vec3(451,451,451)
vec3(487,375,373)
vec3(410,456,454)
vec3(452,452,452)
vec3(486,373,371)
vec3(405,454,452)
vec3(453,453,453)
vec3(485,371,369)
vec3(400,452,450)
vec3(454,454,454)
vec3(484,369,367)
vec3(398,450,448)
vec3(455,455,455)
vec3(483,367,365)
vec3(399,448,446)
vec3(456,456,456)
vec3(482,365,363)
vec3(493,446,444)
vec3(457,457,457)
vec3(481,363,361)
vec3(393,444,443)
vec3(458,458,458)
vec3(359,481,361)
vec3(441,393,443)
vec3(396,396,396)
vec3(479,359,357)
vec3(389,441,440)
vec3(395,395,395)
vec3(478,357,355)
vec3(387,440,439)
vec3(394,394,394)
vec3(477,355,353)
vec3(385,439,438)
vec3(393,393,393)
vec3(476,353,351)
vec3(383,438,437)
vec3(392,392,392)
vec3(475,351,349)
vec3(381,437,436)
vec3(391,391,391)
vec3(474,349,347)
vec3(378,436,434)
vec3(390,390,390)
vec3(473,347,345)
vec3(379,434,435)
vec3(389,389,389)
vec3(506,523,522)
vec3(392,493,393)
vec3(458,458,458)
vec3(505,524,523)
vec3(445,399,493)
vec3(457,457,457)
vec3(507,525,524)
vec3(447,398,399)
vec3(456,456,456)
vec3(508,526,525)
vec3(449,400,398)
vec3(455,455,455)
vec3(509,527,526)
vec3(451,405,400)
vec3(454,454,454)
vec3(510,528,527)
vec3(453,410,405)
vec3(453,453,453)
vec3(511,529,528)
vec3(455,411,410)
vec3(452,452,452)
vec3(512,530,529)
vec3(457,414,411)
vec3(451,451,451)
vec3(513,531,530)
vec3(459,494,414)
vec3(450,450,450)
vec3(514,532,531)
vec3(461,492,494)
vec3(449,449,449)
vec3(515,533,532)
vec3(463,491,492)
vec3(448,448,448)
vec3(516,534,533)
vec3(465,490,491)
vec3(447,447,447)
vec3(517,535,534)
vec3(467,495,490)
vec3(446,446,446)
vec3(518,536,535)
vec3(469,489,495)
vec3(445,445,445)
vec3(519,537,536)
vec3(496,488,489)
vec3(444,444,444)
vec3(520,538,537)
vec3(471,407,488)
vec3(443,443,443)
vec3(496,538,497)
vec3(488,407,407)
vec3(398,398,398)
vec3(483,523,524)
vec3(399,493,399)
vec3(398,398,398)
vec3(495,537,496)
vec3(489,488,488)
vec3(398,398,398)
vec3(368,507,366)
vec3(497,403,403)
vec3(397,397,397)
vec3(384,517,516)
vec3(402,498,402)
vec3(397,397,397)
vec3(482,522,523)
vec3(493,393,493)
vec3(398,398,398)
vec3(494,536,495)
vec3(495,489,489)
vec3(398,398,398)
vec3(378,512,376)
vec3(499,396,396)
vec3(397,397,397)
vec3(493,535,494)
vec3(490,495,495)
vec3(398,398,398)
vec3(492,534,493)
vec3(491,490,490)
vec3(398,398,398)
vec3(370,508,368)
vec3(500,497,497)
vec3(397,397,397)
vec3(386,518,517)
vec3(498,501,498)
vec3(397,397,397)
vec3(491,533,492)
vec3(492,491,491)
vec3(398,398,398)
vec3(378,514,513)
vec3(499,412,499)
vec3(397,397,397)
vec3(490,532,491)
vec3(494,492,492)
vec3(398,398,398)
vec3(489,531,490)
vec3(414,494,494)
vec3(398,398,398)
vec3(372,509,370)
vec3(409,500,500)
vec3(397,397,397)
vec3(388,519,518)
vec3(501,408,501)
vec3(397,397,397)
vec3(346,348,474)
vec3(377,380,378)
vec3(389,389,389)
vec3(348,350,475)
vec3(380,382,381)
vec3(390,390,390)
vec3(350,352,476)
vec3(382,384,383)
vec3(391,391,391)
vec3(352,354,477)
vec3(384,386,385)
vec3(392,392,392)
vec3(354,356,478)
vec3(386,388,387)
vec3(393,393,393)
vec3(356,358,479)
vec3(388,390,389)
vec3(394,394,394)
vec3(358,360,480)
vec3(390,442,391)
vec3(395,395,395)
vec3(480,360,362)
vec3(391,442,392)
vec3(396,396,396)
vec3(392,394,521)
vec3(394,395,395)
vec3(397,397,397)
vec3(376,512,511)
vec3(396,396,397)
vec3(397,397,397)
vec3(484,483,524)
vec3(398,399,399)
vec3(398,398,398)
vec3(485,484,525)
vec3(400,398,398)
vec3(398,398,398)
vec3(382,384,516)
vec3(401,402,402)
vec3(397,397,397)
vec3(366,507,505)
vec3(403,403,404)
vec3(397,397,397)
vec3(486,485,526)
vec3(405,400,400)
vec3(398,398,398)
vec3(394,497,538)
vec3(406,407,407)
vec3(399,399,399)
vec3(390,392,520)
vec3(408,394,394)
vec3(397,397,397)
vec3(374,511,510)
vec3(397,397,409)
vec3(397,397,397)
vec3(487,486,527)
vec3(410,405,405)
vec3(398,398,398)
vec3(488,487,528)
vec3(411,410,410)
vec3(398,398,398)
vec3(380,382,515)
vec3(412,401,401)
vec3(397,397,397)
vec3(364,505,506)
vec3(404,404,413)
vec3(397,397,397)
vec3(362,506,522)
vec3(392,392,393)
vec3(400,400,400)
vec3(489,488,529)
vec3(414,411,411)
vec3(398,398,398)
vec3(394,396,498)
vec3(406,416,415)
vec3(401,401,401)
vec3(396,398,499)
vec3(416,418,417)
vec3(402,402,402)
vec3(398,400,500)
vec3(418,420,419)
vec3(403,403,403)
vec3(400,402,501)
vec3(420,422,421)
vec3(404,404,404)
vec3(402,404,502)
vec3(422,424,423)
vec3(405,405,405)
vec3(404,406,503)
vec3(424,427,425)
vec3(406,406,406)
vec3(350,348,346)
vec3(426,502,503)
vec3(397,397,397)
vec3(346,408,406)
vec3(503,504,505)
vec3(397,397,397)
vec3(406,404,398)
vec3(505,506,507)
vec3(397,397,397)
vec3(404,402,398)
vec3(506,508,507)
vec3(397,397,397)
vec3(402,400,398)
vec3(508,509,507)
vec3(397,397,397)
vec3(398,396,394)
vec3(507,510,395)
vec3(397,397,397)
vec3(394,392,398)
vec3(395,394,507)
vec3(397,397,397)
vec3(392,390,398)
vec3(394,408,507)
vec3(397,397,397)
vec3(390,388,386)
vec3(408,501,498)
vec3(397,397,397)
vec3(386,384,390)
vec3(498,402,408)
vec3(397,397,397)
vec3(384,382,390)
vec3(402,401,408)
vec3(397,397,397)
vec3(382,380,378)
vec3(401,412,499)
vec3(397,397,397)
vec3(378,376,374)
vec3(499,396,397)
vec3(397,397,397)
vec3(374,372,366)
vec3(397,409,403)
vec3(397,397,397)
vec3(372,370,366)
vec3(409,500,403)
vec3(397,397,397)
vec3(370,368,366)
vec3(500,497,403)
vec3(397,397,397)
vec3(366,364,358)
vec3(403,404,511)
vec3(397,397,397)
vec3(364,362,358)
vec3(404,413,511)
vec3(397,397,397)
vec3(362,360,358)
vec3(413,512,511)
vec3(397,397,397)
vec3(358,356,350)
vec3(511,513,426)
vec3(397,397,397)
vec3(356,354,350)
vec3(513,480,426)
vec3(397,397,397)
vec3(354,352,350)
vec3(480,514,426)
vec3(397,397,397)
vec3(350,346,398)
vec3(426,503,507)
vec3(397,397,397)
vec3(346,406,398)
vec3(503,505,507)
vec3(397,397,397)
vec3(382,378,366)
vec3(401,499,403)
vec3(397,397,397)
vec3(378,374,366)
vec3(499,397,403)
vec3(397,397,397)
vec3(398,390,382)
vec3(507,408,401)
vec3(397,397,397)
vec3(366,358,350)
vec3(403,511,426)
vec3(397,397,397)
vec3(350,398,382)
vec3(426,507,401)
vec3(397,397,397)
vec3(406,408,504)
vec3(427,429,428)
vec3(407,407,407)
vec3(408,346,473)
vec3(429,515,430)
vec3(408,408,408)
vec3(407,345,351)
vec3(433,516,517)
vec3(398,398,398)
vec3(345,347,351)
vec3(516,518,517)
vec3(398,398,398)
vec3(347,349,351)
vec3(518,519,517)
vec3(398,398,398)
vec3(351,353,355)
vec3(517,520,521)
vec3(398,398,398)
vec3(355,357,351)
vec3(521,522,517)
vec3(398,398,398)
vec3(357,359,351)
vec3(522,523,517)
vec3(398,398,398)
vec3(359,361,363)
vec3(523,524,525)
vec3(398,398,398)
vec3(363,365,367)
vec3(525,526,527)
vec3(398,398,398)
vec3(367,369,371)
vec3(527,528,529)
vec3(398,398,398)
vec3(371,373,367)
vec3(529,530,527)
vec3(398,398,398)
vec3(373,375,367)
vec3(530,431,527)
vec3(398,398,398)
vec3(375,377,379)
vec3(431,531,532)
vec3(398,398,398)
vec3(379,381,375)
vec3(532,533,431)
vec3(398,398,398)
vec3(381,383,375)
vec3(533,534,431)
vec3(398,398,398)
vec3(383,385,387)
vec3(534,535,536)
vec3(398,398,398)
vec3(387,389,391)
vec3(536,537,432)
vec3(398,398,398)
vec3(391,393,395)
vec3(432,538,539)
vec3(398,398,398)
vec3(395,397,399)
vec3(539,540,541)
vec3(398,398,398)
vec3(399,401,403)
vec3(541,542,543)
vec3(398,398,398)
vec3(403,405,407)
vec3(543,544,433)
vec3(398,398,398)
vec3(359,363,367)
vec3(523,525,527)
vec3(398,398,398)
vec3(383,387,391)
vec3(534,536,432)
vec3(398,398,398)
vec3(391,395,407)
vec3(432,539,433)
vec3(398,398,398)
vec3(395,399,407)
vec3(539,541,433)
vec3(398,398,398)
vec3(399,403,407)
vec3(541,543,433)
vec3(398,398,398)
vec3(407,351,359)
vec3(433,517,523)
vec3(398,398,398)
vec3(359,367,375)
vec3(523,527,431)
vec3(398,398,398)
vec3(375,383,391)
vec3(431,534,432)
vec3(398,398,398)
vec3(407,359,375)
vec3(433,523,431)
vec3(398,398,398)
vec3(410,412,411)
vec3(377,380,434)
vec3(409,409,409)
vec3(412,414,413)
vec3(380,382,436)
vec3(410,410,410)
vec3(414,416,415)
vec3(382,384,437)
vec3(411,411,411)
vec3(416,418,417)
vec3(384,386,438)
vec3(412,412,412)
vec3(418,420,419)
vec3(386,388,439)
vec3(413,413,413)
vec3(420,422,421)
vec3(388,390,440)
vec3(414,414,414)
vec3(422,424,423)
vec3(390,442,441)
vec3(415,415,415)
vec3(424,426,425)
vec3(442,392,443)
vec3(416,416,416)
vec3(426,428,427)
vec3(392,445,444)
vec3(417,417,417)
vec3(428,430,429)
vec3(445,447,446)
vec3(418,418,418)
vec3(430,432,431)
vec3(447,449,448)
vec3(419,419,419)
vec3(432,434,433)
vec3(449,451,450)
vec3(420,420,420)
vec3(434,436,435)
vec3(451,453,452)
vec3(421,421,421)
vec3(436,438,437)
vec3(453,455,454)
vec3(422,422,422)
vec3(438,440,439)
vec3(455,457,456)
vec3(423,423,423)
vec3(440,442,441)
vec3(457,459,458)
vec3(424,424,424)
vec3(442,444,443)
vec3(459,461,460)
vec3(425,425,425)
vec3(444,446,445)
vec3(461,463,462)
vec3(426,426,426)
vec3(446,448,447)
vec3(463,465,464)
vec3(427,427,427)
vec3(448,450,449)
vec3(465,467,466)
vec3(428,428,428)
vec3(450,452,451)
vec3(467,469,468)
vec3(429,429,429)
vec3(452,454,453)
vec3(469,496,470)
vec3(430,430,430)
vec3(453,454,456)
vec3(470,496,471)
vec3(431,431,431)
vec3(456,458,457)
vec3(471,406,473)
vec3(432,432,432)
vec3(458,460,459)
vec3(406,416,474)
vec3(433,433,433)
vec3(460,462,461)
vec3(416,418,475)
vec3(434,434,434)
vec3(462,464,463)
vec3(418,420,476)
vec3(435,435,435)
vec3(464,466,465)
vec3(420,422,477)
vec3(436,436,436)
vec3(466,468,467)
vec3(422,424,478)
vec3(437,437,437)
vec3(468,470,469)
vec3(424,427,479)
vec3(438,438,438)
vec3(414,412,440)
vec3(426,545,546)
vec3(439,439,439)
vec3(412,410,442)
vec3(545,547,548)
vec3(439,439,439)
vec3(410,472,444)
vec3(547,549,550)
vec3(439,439,439)
vec3(472,470,446)
vec3(549,551,552)
vec3(439,439,439)
vec3(470,468,446)
vec3(551,553,552)
vec3(439,439,439)
vec3(468,466,448)
vec3(553,554,555)
vec3(439,439,439)
vec3(446,468,448)
vec3(552,553,555)
vec3(439,439,439)
vec3(466,464,450)
vec3(554,556,557)
vec3(439,439,439)
vec3(464,462,452)
vec3(556,558,559)
vec3(439,439,439)
vec3(450,464,452)
vec3(557,556,559)
vec3(439,439,439)
vec3(462,460,456)
vec3(558,560,561)
vec3(439,439,439)
vec3(460,458,456)
vec3(560,395,561)
vec3(439,439,439)
vec3(456,454,462)
vec3(561,562,558)
vec3(439,439,439)
vec3(454,452,462)
vec3(562,559,558)
vec3(439,439,439)
vec3(450,448,466)
vec3(557,555,554)
vec3(439,439,439)
vec3(446,444,472)
vec3(552,550,549)
vec3(439,439,439)
vec3(444,442,410)
vec3(550,548,547)
vec3(439,439,439)
vec3(442,440,412)
vec3(548,546,545)
vec3(439,439,439)
vec3(440,438,414)
vec3(546,563,426)
vec3(439,439,439)
vec3(438,436,414)
vec3(563,564,426)
vec3(439,439,439)
vec3(436,434,416)
vec3(564,482,481)
vec3(439,439,439)
vec3(414,436,416)
vec3(426,564,481)
vec3(439,439,439)
vec3(434,432,418)
vec3(482,565,480)
vec3(439,439,439)
vec3(432,430,420)
vec3(565,566,567)
vec3(439,439,439)
vec3(418,432,420)
vec3(480,565,567)
vec3(439,439,439)
vec3(430,428,424)
vec3(566,568,569)
vec3(439,439,439)
vec3(428,426,424)
vec3(568,413,569)
vec3(439,439,439)
vec3(424,422,430)
vec3(569,570,566)
vec3(439,439,439)
vec3(422,420,430)
vec3(570,567,566)
vec3(439,439,439)
vec3(470,472,471)
vec3(427,429,483)
vec3(440,440,440)
vec3(472,410,409)
vec3(429,515,484)
vec3(441,441,441)
vec3(471,409,441)
vec3(571,516,572)
vec3(442,442,442)
vec3(409,411,439)
vec3(516,573,574)
vec3(442,442,442)
vec3(411,413,439)
vec3(573,575,574)
vec3(442,442,442)
vec3(413,415,437)
vec3(575,576,577)
vec3(442,442,442)
vec3(439,413,437)
vec3(574,575,577)
vec3(442,442,442)
vec3(415,417,433)
vec3(576,578,579)
vec3(442,442,442)
vec3(417,419,431)
vec3(578,580,581)
vec3(442,442,442)
vec3(419,421,431)
vec3(580,582,581)
vec3(442,442,442)
vec3(421,423,429)
vec3(582,583,584)
vec3(442,442,442)
vec3(431,421,429)
vec3(581,582,584)
vec3(442,442,442)
vec3(423,425,427)
vec3(583,585,586)
vec3(442,442,442)
vec3(427,429,423)
vec3(586,584,583)
vec3(442,442,442)
vec3(431,433,417)
vec3(581,579,578)
vec3(442,442,442)
vec3(433,435,415)
vec3(579,587,576)
vec3(442,442,442)
vec3(435,437,415)
vec3(587,577,576)
vec3(442,442,442)
vec3(439,441,409)
vec3(574,572,516)
vec3(442,442,442)
vec3(441,443,471)
vec3(572,588,571)
vec3(442,442,442)
vec3(443,445,471)
vec3(588,589,571)
vec3(442,442,442)
vec3(445,447,469)
vec3(589,487,486)
vec3(442,442,442)
vec3(471,445,469)
vec3(571,589,486)
vec3(442,442,442)
vec3(447,449,465)
vec3(487,590,591)
vec3(442,442,442)
vec3(449,451,463)
vec3(590,592,593)
vec3(442,442,442)
vec3(451,453,463)
vec3(592,594,593)
vec3(442,442,442)
vec3(453,455,461)
vec3(594,595,596)
vec3(442,442,442)
vec3(463,453,461)
vec3(593,594,596)
vec3(442,442,442)
vec3(455,457,459)
vec3(595,597,598)
vec3(442,442,442)
vec3(459,461,455)
vec3(598,596,595)
vec3(442,442,442)
vec3(463,465,449)
vec3(593,591,590)
vec3(442,442,442)
vec3(465,467,447)
vec3(591,485,487)
vec3(442,442,442)
vec3(504,473,345)
vec3(428,430,484)
vec3(408,408,408)
vec3(503,504,407)
vec3(425,428,483)
vec3(407,407,407)
vec3(502,503,405)
vec3(423,425,479)
vec3(406,406,406)
vec3(501,502,403)
vec3(421,423,478)
vec3(405,405,405)
vec3(500,501,401)
vec3(419,421,477)
vec3(404,404,404)
vec3(499,500,399)
vec3(417,419,476)
vec3(403,403,403)
vec3(498,499,397)
vec3(415,417,475)
vec3(402,402,402)
vec3(497,498,395)
vec3(407,415,474)
vec3(401,401,401)
vec3(496,497,393)
vec3(488,407,473)
vec3(443,443,443)
vec3(495,496,391)
vec3(489,488,472)
vec3(444,444,444)
vec3(387,494,495)
vec3(468,495,489)
vec3(445,445,445)
vec3(493,494,387)
vec3(490,495,468)
vec3(446,446,446)
vec3(492,493,385)
vec3(491,490,466)
vec3(447,447,447)
vec3(381,491,492)
vec3(462,492,491)
vec3(448,448,448)
vec3(379,490,491)
vec3(460,494,492)
vec3(449,449,449)
vec3(489,490,379)
vec3(414,494,460)
vec3(450,450,450)
vec3(488,489,377)
vec3(411,414,458)
vec3(451,451,451)
vec3(487,488,375)
vec3(410,411,456)
vec3(452,452,452)
vec3(486,487,373)
vec3(405,410,454)
vec3(453,453,453)
vec3(485,486,371)
vec3(400,405,452)
vec3(454,454,454)
vec3(484,485,369)
vec3(398,400,450)
vec3(455,455,455)
vec3(483,484,367)
vec3(399,398,448)
vec3(456,456,456)
vec3(482,483,365)
vec3(493,399,446)
vec3(457,457,457)
vec3(481,482,363)
vec3(393,493,444)
vec3(458,458,458)
vec3(359,480,481)
vec3(441,391,393)
vec3(396,396,396)
vec3(479,480,359)
vec3(389,391,441)
vec3(395,395,395)
vec3(478,479,357)
vec3(387,389,440)
vec3(394,394,394)
vec3(477,478,355)
vec3(385,387,439)
vec3(393,393,393)
vec3(476,477,353)
vec3(383,385,438)
vec3(392,392,392)
vec3(475,476,351)
vec3(381,383,437)
vec3(391,391,391)
vec3(474,475,349)
vec3(378,381,436)
vec3(390,390,390)
vec3(473,474,347)
vec3(379,378,434)
vec3(389,389,389)
vec3(506,505,523)
vec3(392,445,493)
vec3(458,458,458)
vec3(505,507,524)
vec3(445,447,399)
vec3(457,457,457)
vec3(507,508,525)
vec3(447,449,398)
vec3(456,456,456)
vec3(508,509,526)
vec3(449,451,400)
vec3(455,455,455)
vec3(509,510,527)
vec3(451,453,405)
vec3(454,454,454)
vec3(510,511,528)
vec3(453,455,410)
vec3(453,453,453)
vec3(511,512,529)
vec3(455,457,411)
vec3(452,452,452)
vec3(512,513,530)
vec3(457,459,414)
vec3(451,451,451)
vec3(513,514,531)
vec3(459,461,494)
vec3(450,450,450)
vec3(514,515,532)
vec3(461,463,492)
vec3(449,449,449)
vec3(515,516,533)
vec3(463,465,491)
vec3(448,448,448)
vec3(516,517,534)
vec3(465,467,490)
vec3(447,447,447)
vec3(517,518,535)
vec3(467,469,495)
vec3(446,446,446)
vec3(518,519,536)
vec3(469,496,489)
vec3(445,445,445)
vec3(519,520,537)
vec3(496,471,488)
vec3(444,444,444)
vec3(520,521,538)
vec3(471,406,407)
vec3(443,443,443)
vec3(496,537,538)
vec3(488,488,407)
vec3(398,398,398)
vec3(483,482,523)
vec3(399,493,493)
vec3(398,398,398)
vec3(495,536,537)
vec3(489,489,488)
vec3(398,398,398)
vec3(368,508,507)
vec3(497,497,403)
vec3(397,397,397)
vec3(384,386,517)
vec3(402,498,498)
vec3(397,397,397)
vec3(482,481,522)
vec3(493,393,393)
vec3(398,398,398)
vec3(494,535,536)
vec3(495,495,489)
vec3(398,398,398)
vec3(378,513,512)
vec3(499,499,396)
vec3(397,397,397)
vec3(493,534,535)
vec3(490,490,495)
vec3(398,398,398)
vec3(492,533,534)
vec3(491,491,490)
vec3(398,398,398)
vec3(370,509,508)
vec3(500,500,497)
vec3(397,397,397)
vec3(386,388,518)
vec3(498,501,501)
vec3(397,397,397)
vec3(491,532,533)
vec3(492,492,491)
vec3(398,398,398)
vec3(378,380,514)
vec3(499,412,412)
vec3(397,397,397)
vec3(490,531,532)
vec3(494,494,492)
vec3(398,398,398)
vec3(489,530,531)
vec3(414,414,494)
vec3(398,398,398)
vec3(372,510,509)
vec3(409,409,500)
vec3(397,397,397)
vec3(388,390,519)
vec3(501,408,408)
vec3(397,397,397)
