vec3(0.0,4.611061,-3.670899)
vec3(0.0,4.611061,-2.723018)
vec3(0.053396,4.605802,-3.670899)
vec3(0.053396,4.605802,-2.723018)
vec3(0.104739,4.590227,-3.670899)
vec3(0.104739,4.590227,-2.723018)
vec3(0.152058,4.564935,-3.670899)
vec3(0.152058,4.564935,-2.723018)
vec3(0.193533,4.530897,-3.670899)
vec3(0.193533,4.530897,-2.723018)
vec3(0.22757,4.489422,-3.670899)
vec3(0.22757,4.489422,-2.723018)
vec3(0.252863,4.442103,-3.670899)
vec3(0.252863,4.442103,-2.723018)
vec3(0.268438,4.39076,-3.670899)
vec3(0.268438,4.39076,-2.723018)
vec3(0.273697,4.337364,-3.670899)
vec3(0.273697,4.337364,-2.723018)
vec3(0.268438,4.283969,-3.670899)
vec3(0.268438,4.283969,-2.723018)
vec3(0.252863,4.232625,-3.670899)
vec3(0.252863,4.232625,-2.723018)
vec3(0.22757,4.185307,-3.670899)
vec3(0.22757,4.185307,-2.723018)
vec3(0.193533,4.143832,-3.670899)
vec3(0.193533,4.143832,-2.723018)
vec3(0.152058,4.109794,-3.670899)
vec3(0.152058,4.109794,-2.723018)
vec3(0.104739,4.084502,-3.670899)
vec3(0.104739,4.084502,-2.723018)
vec3(0.053396,4.068927,-3.670899)
vec3(0.053396,4.068927,-2.723018)
vec3(0.0,4.063668,-3.670899)
vec3(0.0,4.063668,-2.723018)
vec3(-0.053396,4.068927,-3.670899)
vec3(-0.053396,4.068927,-2.723018)
vec3(-0.104739,4.084502,-3.670899)
vec3(-0.104739,4.084502,-2.723018)
vec3(-0.152058,4.109794,-3.670899)
vec3(-0.152058,4.109794,-2.723018)
vec3(-0.193533,4.143832,-3.670899)
vec3(-0.193533,4.143832,-2.723018)
vec3(-0.22757,4.185307,-3.670899)
vec3(-0.22757,4.185307,-2.723018)
vec3(-0.252863,4.232625,-3.670899)
vec3(-0.252863,4.232625,-2.723018)
vec3(-0.268438,4.283969,-3.670899)
vec3(-0.268438,4.283969,-2.723018)
vec3(-0.273697,4.337364,-3.670899)
vec3(-0.273697,4.337364,-2.723018)
vec3(-0.268438,4.39076,-3.670899)
vec3(-0.268438,4.39076,-2.723018)
vec3(-0.252863,4.442103,-3.670899)
vec3(-0.252863,4.442103,-2.723018)
vec3(-0.22757,4.489422,-3.670899)
vec3(-0.22757,4.489422,-2.723018)
vec3(-0.193533,4.530897,-3.670899)
vec3(-0.193533,4.530897,-2.723018)
vec3(-0.152058,4.564935,-3.670899)
vec3(-0.152058,4.564935,-2.723018)
vec3(-0.104739,4.590227,-3.670899)
vec3(-0.104739,4.590227,-2.723018)
vec3(-0.053396,4.605802,-3.670899)
vec3(-0.053396,4.605802,-2.723018)
vec3(0.0,4.575805,-3.352978)
vec3(0.0,4.821074,-3.352978)
vec3(0.010917,4.575805,-3.351902)
vec3(0.010917,4.821074,-3.351902)
vec3(0.021414,4.575805,-3.348718)
vec3(0.021414,4.821074,-3.348718)
vec3(0.031089,4.575805,-3.343547)
vec3(0.031089,4.821074,-3.343547)
vec3(0.039568,4.575805,-3.336588)
vec3(0.039568,4.821074,-3.336588)
vec3(0.046527,4.575805,-3.328109)
vec3(0.046527,4.821074,-3.328109)
vec3(0.051698,4.575805,-3.318434)
vec3(0.051698,4.821074,-3.318434)
vec3(0.054883,4.575805,-3.307937)
vec3(0.054883,4.821074,-3.307937)
vec3(0.055958,4.575805,-3.29702)
vec3(0.055958,4.821074,-3.29702)
vec3(0.054883,4.575805,-3.286103)
vec3(0.054883,4.821074,-3.286103)
vec3(0.051698,4.575805,-3.275606)
vec3(0.051698,4.821074,-3.275606)
vec3(0.046527,4.575805,-3.265931)
vec3(0.046527,4.821074,-3.265931)
vec3(0.039568,4.575805,-3.257452)
vec3(0.039568,4.821074,-3.257452)
vec3(0.031089,4.575805,-3.250493)
vec3(0.031089,4.821074,-3.250493)
vec3(0.021414,4.575805,-3.245322)
vec3(0.021414,4.821074,-3.245322)
vec3(0.010917,4.575805,-3.242137)
vec3(0.010917,4.821074,-3.242137)
vec3(0.0,4.575805,-3.241062)
vec3(0.0,4.821074,-3.241062)
vec3(-0.010917,4.575805,-3.242137)
vec3(-0.010917,4.821074,-3.242137)
vec3(-0.021414,4.575805,-3.245322)
vec3(-0.021414,4.821074,-3.245322)
vec3(-0.031088,4.575805,-3.250493)
vec3(-0.031088,4.821074,-3.250493)
vec3(-0.039568,4.575805,-3.257452)
vec3(-0.039568,4.821074,-3.257452)
vec3(-0.046527,4.575805,-3.265931)
vec3(-0.046527,4.821074,-3.265931)
vec3(-0.051698,4.575805,-3.275606)
vec3(-0.051698,4.821074,-3.275606)
vec3(-0.054883,4.575805,-3.286103)
vec3(-0.054883,4.821074,-3.286103)
vec3(-0.055958,4.575805,-3.29702)
vec3(-0.055958,4.821074,-3.29702)
vec3(-0.054883,4.575805,-3.307937)
vec3(-0.054883,4.821074,-3.307937)
vec3(-0.051698,4.575805,-3.318434)
vec3(-0.051698,4.821074,-3.318434)
vec3(-0.046527,4.575805,-3.328109)
vec3(-0.046527,4.821074,-3.328109)
vec3(-0.039568,4.575805,-3.336588)
vec3(-0.039568,4.821074,-3.336588)
vec3(-0.031088,4.575805,-3.343547)
vec3(-0.031088,4.821074,-3.343547)
vec3(-0.021414,4.575805,-3.348718)
vec3(-0.021414,4.821074,-3.348718)
vec3(-0.010917,4.575805,-3.351902)
vec3(-0.010917,4.821074,-3.351902)
vec3(0.0,4.611061,-2.876629)
vec3(0.053396,4.605802,-2.876629)
vec3(0.104739,4.590227,-2.876629)
vec3(0.152058,4.564935,-2.876629)
vec3(0.193533,4.530897,-2.876629)
vec3(0.22757,4.489422,-2.876629)
vec3(0.252863,4.442103,-2.876629)
vec3(0.268438,4.39076,-2.876629)
vec3(0.273697,4.337364,-3.194281)
vec3(0.268438,4.283969,-3.194281)
vec3(0.252863,4.232625,-3.194281)
vec3(0.22757,4.185307,-3.194281)
vec3(0.193533,4.143832,-3.194281)
vec3(0.152058,4.109794,-3.194281)
vec3(0.104739,4.084502,-3.194281)
vec3(0.053396,4.068927,-3.194281)
vec3(0.0,4.063668,-3.194281)
vec3(-0.053396,4.068927,-3.194281)
vec3(-0.104739,4.084502,-3.194281)
vec3(-0.152058,4.109794,-3.194281)
vec3(-0.193533,4.143832,-3.194281)
vec3(-0.22757,4.185307,-3.194281)
vec3(-0.252863,4.232625,-3.194281)
vec3(-0.268438,4.283969,-3.194281)
vec3(-0.273697,4.337364,-3.194281)
vec3(-0.268438,4.39076,-2.876629)
vec3(-0.252863,4.442103,-2.876629)
vec3(-0.22757,4.489422,-2.876629)
vec3(-0.193533,4.530897,-2.876629)
vec3(-0.152058,4.564935,-2.876629)
vec3(-0.104739,4.590227,-2.876629)
vec3(-0.053396,4.605802,-2.876629)
vec3(0.268438,3.938365,-2.723018)
vec3(0.273697,3.99176,-2.723018)
vec3(0.252863,3.887021,-2.723018)
vec3(0.22757,3.839703,-2.723018)
vec3(0.193533,3.798228,-2.723018)
vec3(0.152058,3.76419,-2.723018)
vec3(0.104739,3.738898,-2.723018)
vec3(0.053396,3.723323,-2.723018)
vec3(0.0,3.718064,-2.723018)
vec3(-0.053396,3.723323,-2.723018)
vec3(-0.104739,3.738898,-2.723018)
vec3(-0.152058,3.76419,-2.723018)
vec3(-0.193533,3.798228,-2.723018)
vec3(-0.22757,3.839703,-2.723018)
vec3(-0.252863,3.887021,-2.723018)
vec3(-0.268438,3.938365,-2.723018)
vec3(-0.273697,3.99176,-2.723018)
vec3(0.273697,3.99176,-3.194281)
vec3(0.268438,3.938365,-3.194281)
vec3(0.252863,3.887021,-3.194281)
vec3(0.22757,3.839703,-3.194281)
vec3(0.193533,3.798228,-3.194281)
vec3(0.152058,3.76419,-3.194281)
vec3(0.104739,3.738898,-3.194281)
vec3(0.053396,3.723323,-3.194281)
vec3(0.0,3.718064,-3.194281)
vec3(-0.053396,3.723323,-3.194281)
vec3(-0.104739,3.738898,-3.194281)
vec3(-0.152058,3.76419,-3.194281)
vec3(-0.193533,3.798228,-3.194281)
vec3(-0.22757,3.839703,-3.194281)
vec3(-0.252863,3.887021,-3.194281)
vec3(-0.268438,3.938365,-3.194281)
vec3(-0.273697,3.99176,-3.194281)
