vec3(0.0449,-0.4559,-0.8889)
vec3(0.1325,-0.4385,-0.8889)
vec3(0.2158,-0.4038,-0.889)
vec3(0.2906,-0.3538,-0.889)
vec3(0.3541,-0.2905,-0.8889)
vec3(0.404,-0.2159,-0.8889)
vec3(0.4384,-0.133,-0.8889)
vec3(-0.4384,-0.133,-0.8889)
vec3(-0.404,-0.2159,-0.8889)
vec3(-0.3541,-0.2905,-0.8889)
vec3(-0.2905,-0.3538,-0.889)
vec3(-0.2156,-0.4039,-0.889)
vec3(-0.0,-0.0,-1.0)
vec3(-0.1325,-0.4385,-0.8889)
vec3(-0.0449,-0.4559,-0.8889)
vec3(-0.0,-0.0,1.0)
vec3(-0.0774,0.0058,0.997)
vec3(-0.9952,0.098,-0.0)
vec3(-0.9569,0.2903,-0.0)
vec3(-0.8819,0.4714,-0.0)
vec3(-0.773,0.6344,-0.0)
vec3(-0.6344,0.773,-0.0)
vec3(-0.4714,0.8819,-0.0)
vec3(-0.2903,0.9569,-0.0)
vec3(-0.098,0.9952,-0.0)
vec3(0.098,0.9952,-0.0)
vec3(0.2903,0.9569,-0.0)
vec3(0.4714,0.8819,-0.0)
vec3(0.6344,0.773,-0.0)
vec3(0.773,0.6344,-0.0)
vec3(0.8819,0.4714,-0.0)
vec3(0.9569,0.2903,-0.0)
vec3(0.9952,0.098,-0.0)
vec3(-0.098,-0.9952,-0.0)
vec3(-0.2903,-0.9569,-0.0)
vec3(-0.4714,-0.8819,-0.0)
vec3(-0.6344,-0.773,-0.0)
vec3(-0.773,-0.6344,-0.0)
vec3(-0.8819,-0.4714,-0.0)
vec3(-0.9569,-0.2903,-0.0)
vec3(-0.9952,-0.098,-0.0)
vec3(0.9952,-0.098,-0.0)
vec3(0.9569,-0.2903,-0.0)
vec3(0.8819,-0.4714,-0.0)
vec3(0.773,-0.6344,-0.0)
vec3(0.6344,-0.773,-0.0)
vec3(0.4714,-0.8819,-0.0)
vec3(0.2903,-0.9569,-0.0)
vec3(0.098,-0.9952,-0.0)
vec3(0.2098,-0.2282,-0.9507)
vec3(-0.1122,-0.2372,-0.965)
vec3(0.0213,0.0207,0.9996)
vec3(0.2793,-0.1926,-0.9407)
vec3(-0.0322,0.194,-0.9805)
vec3(-0.0182,0.0312,0.9993)
vec3(0.3529,-0.1491,-0.9237)
vec3(0.0098,0.006,0.9999)
vec3(0.6035,-0.0608,-0.795)
vec3(-0.149,0.0124,0.9888)
vec3(-1.0,-0.0,-0.0)
vec3(-0.011,-0.0134,0.9998)
vec3(0.8394,0.0502,-0.5413)
vec3(-0.8053,0.0793,-0.5875)
vec3(-0.008,-0.0211,0.9997)
vec3(0.0251,-0.0134,0.9996)
vec3(0.1053,0.0103,0.9944)
vec3(-0.1614,-0.2183,-0.9624)
vec3(0.1387,-0.2518,-0.9578)
vec3(-0.0325,0.0296,0.999)
vec3(-0.2057,-0.1929,-0.9594)
vec3(0.0685,-0.263,-0.9624)
vec3(0.0187,0.0229,0.9996)
vec3(1.0,-0.0,-0.0)
vec3(-0.2457,-0.1615,-0.9558)
vec3(0.0025,-0.2668,-0.9637)
vec3(0.036,0.0192,0.9992)
vec3(-0.2889,-0.1275,-0.9488)
vec3(-0.0488,0.0271,0.9984)
vec3(-0.5327,-0.0529,-0.8446)
vec3(0.0044,-0.0207,0.9998)
vec3(0.0136,0.0258,0.9996)
vec3(-0.1501,-0.0307,-0.9882)
vec3(0.0242,0.0194,0.9995)
vec3(0.0008,-0.0,1.0)
vec3(0.2611,0.0011,-0.9653)
vec3(0.0255,0.0166,0.9995)
vec3(-0.0028,0.0285,0.9996)
vec3(-0.3394,0.0041,-0.9406)
vec3(-0.037,-0.0056,0.9993)
vec3(-0.0441,0.0092,-0.999)
vec3(-0.0198,-0.0586,-0.9981)
vec3(-0.0812,0.0078,-0.9967)
vec3(0.0353,0.0099,0.9993)
vec3(0.0406,-0.0459,-0.9981)
vec3(-0.103,-0.0009,-0.9947)
vec3(-0.0405,0.0006,0.9992)
vec3(0.0864,-0.0249,-0.9959)
vec3(-0.1095,-0.015,-0.9939)
vec3(0.0716,-0.0,0.9974)
vec3(-0.0495,0.0271,0.9984)
vec3(-0.0093,0.0306,0.9995)
vec3(0.4088,-0.027,-0.9122)
vec3(0.0221,0.0195,0.9996)
vec3(-0.0634,-0.003,0.998)
vec3(0.399,0.0359,-0.9162)
vec3(-0.0512,-0.0,0.9987)
vec3(0.1055,0.0332,-0.9939)
vec3(-0.0318,0.0091,0.9995)
vec3(-0.0257,-0.2612,-0.9649)
vec3(0.1179,0.0189,-0.9928)
vec3(0.0333,0.0034,0.9994)
vec3(-0.099,-0.0319,-0.9946)
vec3(0.1118,-0.0017,-0.9937)
vec3(0.0577,-0.0006,0.9983)
vec3(0.0259,-0.0025,0.9997)
vec3(-0.0882,0.1606,-0.9831)
vec3(0.0842,0.1669,-0.9824)
vec3(-0.0072,-0.0134,0.9999)
vec3(-0.1629,0.1521,-0.9749)
vec3(0.0081,-0.0152,0.9999)
vec3(-0.2727,0.1458,-0.951)
vec3(-0.0259,-0.0025,0.9997)
vec3(-0.4035,0.1224,-0.9067)
vec3(0.0323,-0.0098,0.9994)
vec3(-0.0323,-0.0098,0.9994)
vec3(0.099,0.1516,-0.9835)
vec3(-0.1074,0.1676,-0.98)
vec3(0.011,-0.0134,0.9998)
vec3(0.0792,0.1497,-0.9855)
vec3(-0.0888,0.1824,-0.9792)
vec3(-0.0044,-0.0144,0.9999)
vec3(0.1599,0.1496,-0.9757)
vec3(-0.0193,0.1952,-0.9806)
vec3(-0.0251,-0.0134,0.9996)
vec3(0.2727,0.1458,-0.951)
vec3(0.0163,-0.0134,0.9998)
vec3(0.4035,0.1224,-0.9067)
vec3(-0.0018,-0.0178,0.9998)
vec3(0.8053,0.0793,-0.5875)
vec3(-0.8394,0.0502,-0.5413)
vec3(-0.0163,-0.0134,0.9998)
vec3(0.0108,-0.019,0.9998)
vec3(-0.0209,-0.0051,0.9998)
vec3(-0.0029,-0.0212,0.9998)
vec3(0.8373,0.0512,-0.5443)
vec3(-0.0001,-0.0002,1.0)
vec3(-0.0597,0.0521,-0.9969)
vec3(-0.0403,-0.0583,-0.9975)
vec3(0.0187,0.0001,0.9998)
vec3(-0.3082,0.0337,-0.9507)
vec3(-0.0023,0.0212,0.9998)
vec3(-0.0138,-0.0056,0.9999)
vec3(0.0063,0.021,0.9998)
vec3(-0.2557,-0.0157,0.9666)
vec3(0.0485,0.0641,-0.9968)
vec3(-0.0667,0.0448,-0.9968)
vec3(0.0038,-0.0051,1.0)
vec3(0.0257,0.0528,-0.9983)
vec3(-0.0117,-0.0218,0.9997)
vec3(-0.0246,0.0309,-0.9992)
vec3(0.2557,-0.0157,0.9666)
vec3(0.313,0.0104,-0.9497)
vec3(-0.0716,-0.0,0.9974)
vec3(-0.0637,0.0396,-0.9972)
vec3(0.0466,0.0666,-0.9967)
vec3(-0.0015,-0.0147,0.9999)
vec3(-0.0376,0.0286,-0.9989)
vec3(0.0234,0.0639,-0.9977)
vec3(0.0167,-0.0127,0.9998)
vec3(0.0029,0.0109,-0.9999)
vec3(-0.0127,0.0586,-0.9982)
vec3(0.0018,0.001,-1.0)
vec3(0.0063,-0.0051,1.0)
vec3(-0.3433,-0.0,-0.9392)
vec3(0.0154,-0.0166,0.9997)
vec3(-0.8389,0.0505,-0.542)
vec3(-0.0964,-0.9785,-0.1823)
vec3(-0.2797,-0.9426,-0.1824)
vec3(-0.4608,-0.8684,-0.1829)
vec3(-0.6285,-0.756,-0.1827)
vec3(-0.7617,-0.6217,-0.1823)
vec3(-0.8671,-0.4635,-0.1823)
vec3(-0.9409,-0.2854,-0.1823)
vec3(-0.9785,-0.0964,-0.1823)
vec3(-0.9785,0.0964,-0.1823)
vec3(-0.9409,0.2854,-0.1823)
vec3(-0.8671,0.4635,-0.1823)
vec3(-0.7601,0.6238,-0.1823)
vec3(-0.6238,0.7601,-0.1823)
vec3(-0.4635,0.8671,-0.1823)
vec3(-0.2854,0.9409,-0.1823)
vec3(-0.0964,0.9785,-0.1823)
vec3(0.0964,0.9785,-0.1823)
vec3(0.2854,0.9409,-0.1823)
vec3(0.4635,0.8671,-0.1823)
vec3(0.6238,0.7601,-0.1823)
vec3(0.7601,0.6238,-0.1823)
vec3(0.8671,0.4635,-0.1823)
vec3(0.9409,0.2854,-0.1823)
vec3(0.9785,0.0964,-0.1823)
vec3(0.9785,-0.0964,-0.1823)
vec3(0.9409,-0.2854,-0.1823)
vec3(0.8671,-0.4635,-0.1823)
vec3(0.7617,-0.6217,-0.1823)
vec3(0.6285,-0.756,-0.1827)
vec3(0.4608,-0.8684,-0.1829)
vec3(0.2797,-0.9426,-0.1824)
vec3(0.0964,-0.9785,-0.1823)
vec3(-0.0599,-0.6083,-0.7915)
vec3(-0.1746,-0.5856,-0.7916)
vec3(-0.2864,-0.5387,-0.7923)
vec3(-0.3897,-0.4701,-0.7919)
vec3(-0.4732,-0.3867,-0.7915)
vec3(-0.5391,-0.2881,-0.7915)
vec3(-0.5849,-0.1774,-0.7915)
vec3(-0.6083,-0.0599,-0.7915)
vec3(-0.5849,0.1774,-0.7915)
vec3(-0.539,0.2881,-0.7915)
vec3(0.5391,0.2881,-0.7915)
vec3(0.5849,0.1774,-0.7915)
vec3(0.6083,-0.0599,-0.7915)
vec3(0.5849,-0.1774,-0.7915)
vec3(0.5391,-0.2881,-0.7915)
vec3(0.4732,-0.3867,-0.7915)
vec3(0.3897,-0.4701,-0.7919)
vec3(0.2864,-0.5387,-0.7923)
vec3(0.1746,-0.5856,-0.7916)
vec3(0.0599,-0.6083,-0.7915)
vec3(-0.0,1.0,-0.0)
vec3(-0.0,-1.0,-0.0)
vec3(0.0932,0.9458,-0.311)
vec3(0.0477,0.4841,-0.8737)
vec3(-0.093,0.944,-0.3165)
vec3(0.0949,0.9638,-0.249)
vec3(0.0393,0.3989,-0.9162)
vec3(0.093,0.944,-0.3165)
vec3(0.0948,0.9626,-0.2536)
vec3(-0.0949,0.9638,-0.249)
vec3(-0.0477,0.4841,-0.8737)
vec3(-0.0932,0.9458,-0.311)
vec3(-0.0948,0.9626,-0.2536)
vec3(-0.0393,0.3989,-0.9162)
vec3(0.1329,-0.4382,-0.889)
vec3(0.2156,-0.4039,-0.889)
vec3(0.2158,-0.4039,-0.889)
vec3(0.291,-0.3537,-0.889)
vec3(0.2904,-0.3539,-0.8891)
vec3(0.3543,-0.2904,-0.8889)
vec3(0.4039,-0.216,-0.8889)
vec3(-0.4039,-0.216,-0.8889)
vec3(-0.3543,-0.2904,-0.8889)
vec3(-0.2907,-0.3537,-0.889)
vec3(-0.291,-0.3537,-0.889)
vec3(-0.2158,-0.4038,-0.889)
vec3(-0.2158,-0.4039,-0.889)
vec3(-0.1329,-0.4382,-0.889)
vec3(0.1261,0.0124,0.9919)
vec3(0.1162,-0.2525,-0.9606)
vec3(-0.0511,-0.2532,-0.9661)
vec3(0.0123,0.0229,0.9997)
vec3(0.1133,-0.2319,-0.9661)
vec3(0.0183,0.1855,-0.9825)
vec3(-0.0169,0.0316,0.9994)
vec3(0.0928,-0.1997,-0.9755)
vec3(-0.1217,0.0103,0.9925)
vec3(-0.1296,-0.158,-0.9789)
vec3(-0.0283,0.0241,0.9993)
vec3(0.0057,-0.0188,0.9998)
vec3(0.0122,0.0193,0.9997)
vec3(-0.0888,-0.2377,-0.9673)
vec3(0.0991,-0.2623,-0.9599)
vec3(-0.0256,0.0312,0.9992)
vec3(-0.0992,-0.2201,-0.9704)
vec3(0.0551,-0.2664,-0.9623)
vec3(0.0078,0.0258,0.9996)
vec3(-0.0913,-0.1963,-0.9763)
vec3(0.0257,-0.2612,-0.9649)
vec3(0.035,0.0194,0.9992)
vec3(-0.0743,-0.1661,-0.9833)
vec3(-0.0361,0.0296,0.9989)
vec3(0.1196,-0.1322,-0.984)
vec3(0.0021,-0.0211,0.9998)
vec3(0.0028,0.0285,0.9996)
vec3(0.632,-0.0485,-0.7735)
vec3(0.0238,0.0195,0.9995)
vec3(0.0006,0.0001,1.0)
vec3(0.2035,0.0042,-0.9791)
vec3(0.0131,0.021,0.9997)
vec3(0.0054,0.0306,0.9995)
vec3(-0.3663,0.0086,-0.9305)
vec3(-0.0164,0.0006,0.9999)
vec3(-0.0383,0.0079,-0.9992)
vec3(-0.0189,-0.0583,-0.9981)
vec3(-0.0522,-0.0009,-0.9986)
vec3(0.0168,0.0166,0.9997)
vec3(0.006,-0.0586,-0.9983)
vec3(-0.0617,-0.0151,-0.998)
vec3(-0.0156,0.0091,0.9998)
vec3(0.0289,-0.046,-0.9985)
vec3(-0.0634,-0.032,-0.9975)
vec3(-0.0693,0.0241,0.9973)
vec3(-0.0055,0.0316,0.9995)
vec3(-0.7023,-0.0542,-0.7098)
vec3(0.017,0.0207,0.9996)
vec3(-0.0873,-0.0066,0.9962)
vec3(0.3688,0.0311,-0.929)
vec3(0.0445,0.019,-0.9988)
vec3(-0.0105,0.0168,0.9998)
vec3(-0.0584,-0.2531,-0.9657)
vec3(0.0494,-0.0017,-0.9988)
vec3(0.0156,0.0099,0.9998)
vec3(-0.0561,-0.0478,-0.9973)
vec3(0.0441,-0.025,-0.9987)
vec3(0.0121,-0.003,0.9999)
vec3(-0.3134,-0.0093,0.9496)
vec3(-0.0384,0.1684,-0.985)
vec3(-0.0229,0.1855,-0.9824)
vec3(-0.0012,-0.0144,0.9999)
vec3(-0.1068,0.1603,-0.9813)
vec3(-0.0133,-0.0188,0.9997)
vec3(-0.2477,0.1493,-0.9573)
vec3(0.3134,-0.0093,0.9496)
vec3(-0.1369,0.1501,-0.9791)
vec3(-0.0276,-0.0134,0.9995)
vec3(0.0276,-0.0134,0.9995)
vec3(0.0056,0.1675,-0.9859)
vec3(-0.0168,0.1831,-0.9829)
vec3(-0.0011,-0.0152,0.9999)
vec3(0.0645,0.1521,-0.9863)
vec3(-0.0171,0.1952,-0.9806)
vec3(0.0151,-0.0178,0.9997)
vec3(0.1702,0.148,-0.9742)
vec3(-0.026,0.194,-0.9807)
vec3(0.1369,0.1501,-0.9791)
vec3(0.015,-0.0207,0.9997)
vec3(0.0045,-0.0212,0.9998)
vec3(0.0003,-0.0002,1.0)
vec3(-0.0074,-0.0229,0.9997)
vec3(-0.0753,0.0109,-0.9971)
vec3(0.0144,-0.0051,0.9999)
vec3(-0.0475,0.0478,-0.9977)
vec3(-0.0695,-0.0478,-0.9964)
vec3(0.0089,0.0034,1.0)
vec3(-0.2426,0.038,-0.9694)
vec3(-0.0144,0.0168,0.9998)
vec3(-0.0182,-0.0066,0.9998)
vec3(0.0068,0.0212,0.9998)
vec3(0.0512,-0.0,0.9987)
vec3(0.056,0.0666,-0.9962)
vec3(-0.0749,0.0478,-0.996)
vec3(0.0247,-0.0127,0.9996)
vec3(0.0634,0.064,-0.9959)
vec3(-0.0147,-0.0229,0.9996)
vec3(0.0694,0.0527,-0.9962)
vec3(0.42,0.028,-0.9071)
vec3(-0.0727,-0.0002,0.9974)
vec3(-0.0778,0.0447,-0.996)
vec3(0.039,0.0639,-0.9972)
vec3(-0.0221,-0.0218,0.9995)
vec3(-0.07,0.0396,-0.9968)
vec3(0.0089,0.0586,-0.9982)
vec3(0.0273,-0.0166,0.9995)
vec3(-0.0561,0.0285,-0.998)
vec3(-0.0308,0.0522,-0.9982)
vec3(-0.0409,0.0109,-0.9991)
vec3(-0.0259,-0.0147,0.9996)
vec3(-0.3486,0.0009,-0.9373)
vec3(0.022,-0.019,0.9996)
vec3(0.2512,-0.0,-0.9679)
vec3(0.0006,-0.0002,1.0)
vec3(-0.2895,-0.9395,-0.183)
vec3(-0.4653,-0.866,-0.1832)
vec3(-0.6201,-0.7628,-0.1833)
vec3(-0.7588,-0.6252,-0.1826)
vec3(0.7588,-0.6252,-0.1826)
vec3(0.6201,-0.7628,-0.1833)
vec3(0.4653,-0.866,-0.1832)
vec3(0.2895,-0.9395,-0.183)
vec3(-0.1782,-0.5835,-0.7923)
vec3(-0.2879,-0.5374,-0.7927)
vec3(-0.3858,-0.472,-0.7927)
vec3(-0.4718,-0.3879,-0.7918)
vec3(0.4718,-0.3879,-0.7918)
vec3(0.3858,-0.472,-0.7927)
vec3(0.2879,-0.5374,-0.7927)
vec3(0.1782,-0.5835,-0.7923)
vec3(-0.2902,0.957,-0.0)
vec3(0.2902,0.957,-0.0)
