vec4(0.0, 3.0, 0.0, 1)
vec4(0.0, 3.843215, -3.558688, 1)
vec4(0.19509, 3.019215, 0.0, 1)
vec4(0.030587, 3.846228, -3.558688, 1)
vec4(0.382683, 3.076121, 0.0, 1)
vec4(0.059999, 3.85515, -3.558688, 1)
vec4(0.55557, 3.16853, 0.0, 1)
vec4(0.707107, 3.292893, 0.0, 1)
vec4(0.83147, 3.44443, 0.0, 1)
vec4(0.92388, 3.617316, 0.0, 1)
vec4(0.980785, 3.80491, 0.0, 1)
vec4(1.0, 4.0, 0.0, 1)
vec4(0.980785, 4.19509, 0.0, 1)
vec4(0.92388, 4.382683, 0.0, 1)
vec4(0.83147, 4.55557, 0.0, 1)
vec4(0.499168, 4.354878, -2.616135, 1)
vec4(0.707107, 4.707107, -0.0, 1)
vec4(0.55557, 4.83147, -0.0, 1)
vec4(0.489577, 4.257496, -2.616135, 1)
vec4(0.382683, 4.92388, -0.0, 1)
vec4(0.19509, 4.980785, -0.0, 1)
vec4(0.461171, 4.163855, -2.616135, 1)
vec4(0.0, 5.0, -0.0, 1)
vec4(-0.19509, 4.980785, -0.0, 1)
vec4(0.415043, 4.077556, -2.616135, 1)
vec4(-0.382683, 4.92388, -0.0, 1)
vec4(-0.55557, 4.83147, -0.0, 1)
vec4(-0.707107, 4.707107, -0.0, 1)
vec4(0.352965, 4.001914, -2.616135, 1)
vec4(-0.83147, 4.55557, 0.0, 1)
vec4(-0.92388, 4.382683, 0.0, 1)
vec4(0.277323, 3.939836, -2.616135, 1)
vec4(-0.980785, 4.19509, 0.0, 1)
vec4(0.191023, 3.893707, -2.616135, 1)
vec4(-1.0, 4.0, 0.0, 1)
vec4(-0.980785, 3.80491, 0.0, 1)
vec4(0.097383, 3.865302, -2.616135, 1)
vec4(-0.92388, 3.617316, 0.0, 1)
vec4(-0.83147, 3.44443, 0.0, 1)
vec4(0.0, 3.855711, -2.616135, 1)
vec4(-0.707107, 3.292893, 0.0, 1)
vec4(-0.097383, 3.865302, -2.616135, 1)
vec4(-0.55557, 3.16853, 0.0, 1)
vec4(-0.191023, 3.893707, -2.616135, 1)
vec4(-0.382683, 3.076121, 0.0, 1)
vec4(-0.059999, 3.85515, -3.558688, 1)
vec4(-0.277323, 3.939836, -2.616135, 1)
vec4(-0.19509, 3.019215, 0.0, 1)
vec4(-0.030587, 3.846228, -3.558688, 1)
vec4(-0.352965, 4.001914, -2.616135, 1)
vec4(0.0, 3.0, -0.743474, 1)
vec4(0.19509, 3.019215, -0.74348, 1)
vec4(-0.415043, 4.077556, -2.616135, 1)
vec4(0.382683, 3.07612, -0.749891, 1)
vec4(0.55557, 3.16853, -0.753045, 1)
vec4(-0.461171, 4.163855, -2.616135, 1)
vec4(0.707107, 3.292893, -0.74633, 1)
vec4(0.83147, 3.44443, -0.743474, 1)
vec4(0.92388, 3.617316, -0.743474, 1)
vec4(-0.489577, 4.257496, -2.616135, 1)
vec4(0.980785, 3.80491, -0.743474, 1)
vec4(-0.499168, 4.354878, -2.616135, 1)
vec4(1.0, 4.0, -0.743474, 1)
vec4(0.980785, 4.19509, -0.743474, 1)
vec4(0.92388, 4.382683, -0.743474, 1)
vec4(0.83147, 4.55557, -0.743474, 1)
vec4(0.707107, 4.707107, -0.743474, 1)
vec4(0.55557, 4.83147, -0.743474, 1)
vec4(0.382683, 4.92388, -0.743474, 1)
vec4(0.19509, 4.980785, -0.743474, 1)
vec4(0.0, 5.0, -0.743474, 1)
vec4(-0.19509, 4.980785, -0.743474, 1)
vec4(-0.382683, 4.92388, -0.743474, 1)
vec4(-0.55557, 4.83147, -0.743474, 1)
vec4(-0.707107, 4.707107, -0.743474, 1)
vec4(-0.83147, 4.55557, -0.743474, 1)
vec4(-0.92388, 4.382683, -0.743474, 1)
vec4(-0.980785, 4.19509, -0.743474, 1)
vec4(-1.0, 4.0, -0.743474, 1)
vec4(-0.980785, 3.80491, -0.743474, 1)
vec4(-0.92388, 3.617316, -0.743474, 1)
vec4(-0.83147, 3.44443, -0.743474, 1)
vec4(-0.707107, 3.292893, -0.74633, 1)
vec4(-0.55557, 3.16853, -0.753045, 1)
vec4(-0.382683, 3.07612, -0.749891, 1)
vec4(-0.19509, 3.019215, -0.74348, 1)
vec4(0.0, -0.056803, 0.0, 1)
vec4(0.19509, -0.037588, 0.0, 1)
vec4(0.382683, 0.019318, 0.0, 1)
vec4(0.55557, 0.111727, 0.0, 1)
vec4(0.707107, 0.23609, 0.0, 1)
vec4(0.83147, 0.387627, 0.0, 1)
vec4(0.92388, 0.560513, -0.000122, 1)
vec4(0.980785, 0.748107, -0.003042, 1)
vec4(1.0, 0.943197, -0.007924, 1)
vec4(-1.0, 0.943197, -0.007414, 1)
vec4(-0.980785, 0.748107, -0.003042, 1)
vec4(-0.92388, 0.560513, -0.000122, 1)
vec4(-0.83147, 0.387627, 0.0, 1)
vec4(-0.707107, 0.23609, 0.0, 1)
vec4(-0.55557, 0.111727, 0.0, 1)
vec4(-0.382683, 0.019318, 0.0, 1)
vec4(-0.19509, -0.037588, 0.0, 1)
vec4(0.0, -0.056803, -0.752373, 1)
vec4(0.19509, -0.037588, -0.752373, 1)
vec4(0.382683, 0.019318, -0.757378, 1)
vec4(0.55557, 0.111727, -0.764792, 1)
vec4(0.707107, 0.23609, -0.779147, 1)
vec4(0.83147, 0.387627, -0.800938, 1)
vec4(0.92388, 0.560513, -0.827543, 1)
vec4(0.980785, 0.748107, -0.865353, 1)
vec4(1.0, 0.943197, -0.899272, 1)
vec4(-1.0, 0.943197, -0.878033, 1)
vec4(-0.980785, 0.748107, -0.850105, 1)
vec4(-0.92388, 0.560513, -0.81798, 1)
vec4(-0.83147, 0.387627, -0.795756, 1)
vec4(-0.707107, 0.23609, -0.776917, 1)
vec4(-0.55557, 0.111727, -0.764193, 1)
vec4(-0.382683, 0.019318, -0.757357, 1)
vec4(-0.19509, -0.037588, -0.752373, 1)
vec4(0.55557, 0.896361, -0.024524, 1)
vec4(0.83147, 1.172261, -0.961579, 1)
vec4(-0.980785, 1.532741, -0.01115, 1)
vec4(0.92388, 1.345147, -0.954175, 1)
vec4(0.980785, 1.532741, -0.012856, 1)
vec4(-1.0, 1.727831, -0.012135, 1)
vec4(-0.55557, 0.896361, -0.016229, 1)
vec4(0.980785, 1.532741, -0.925314, 1)
vec4(0.382683, 0.803952, -0.024787, 1)
vec4(0.92388, 1.345147, -0.019084, 1)
vec4(-0.19509, 0.747046, -0.958029, 1)
vec4(0.707107, 1.020724, -0.967473, 1)
vec4(-0.382683, 0.803952, -0.018008, 1)
vec4(-0.382683, 0.803952, -0.950203, 1)
vec4(0.55557, 0.896361, -0.971061, 1)
vec4(1.0, 1.727831, -0.012502, 1)
vec4(-0.92388, 1.345147, -0.015235, 1)
vec4(-0.55557, 0.896361, -0.942171, 1)
vec4(0.382683, 0.803952, -0.971811, 1)
vec4(0.707107, 1.020724, -0.023283, 1)
vec4(-0.707107, 1.020724, -0.934689, 1)
vec4(0.19509, 0.747046, -0.969606, 1)
vec4(-0.19509, 0.747046, -0.020219, 1)
vec4(-0.83147, 1.172261, -0.928326, 1)
vec4(-0.83147, 1.172261, -0.015235, 1)
vec4(-0.92388, 1.345147, -0.923424, 1)
vec4(-0.980785, 1.532741, -0.89929, 1)
vec4(-1.0, 1.727831, -0.90244, 1)
vec4(-0.707107, 1.020724, -0.015301, 1)
vec4(1.0, 1.727831, -0.922473, 1)
vec4(0.19509, 0.747046, -0.024016, 1)
vec4(0.83147, 1.172261, -0.02133, 1)
vec4(0.0, 0.727831, -0.964784, 1)
vec4(0.0, 0.727831, -0.022377, 1)
vec4(0.55557, 2.032446, -0.017291, 1)
vec4(0.83147, 2.308345, -0.920699, 1)
vec4(-0.980785, 2.668825, -0.01115, 1)
vec4(0.92388, 2.481232, -0.917639, 1)
vec4(0.980785, 2.668825, -0.01115, 1)
vec4(-1.0, 2.863915, -0.002894, 1)
vec4(-0.55557, 2.032446, -0.015235, 1)
vec4(0.980785, 2.668825, -0.896836, 1)
vec4(0.382683, 1.940036, -0.021321, 1)
vec4(0.92388, 2.481232, -0.015235, 1)
vec4(-0.19509, 1.88313, -0.95803, 1)
vec4(0.707107, 2.156809, -0.931923, 1)
vec4(-0.382683, 1.940036, -0.016366, 1)
vec4(-0.382683, 1.940036, -0.942917, 1)
vec4(0.55557, 2.032446, -0.947283, 1)
vec4(1.0, 2.863915, -0.002894, 1)
vec4(-0.92388, 2.481232, -0.015235, 1)
vec4(-0.55557, 2.032446, -0.928202, 1)
vec4(0.382683, 1.940036, -0.961552, 1)
vec4(0.707107, 2.156809, -0.015235, 1)
vec4(-0.707107, 2.156809, -0.918936, 1)
vec4(0.19509, 1.88313, -0.969606, 1)
vec4(-0.19509, 1.88313, -0.020219, 1)
vec4(-0.83147, 2.308345, -0.917639, 1)
vec4(-0.83147, 2.308345, -0.015235, 1)
vec4(-0.92388, 2.481232, -0.917639, 1)
vec4(-0.980785, 2.668825, -0.896836, 1)
vec4(-1.0, 2.863915, -0.848929, 1)
vec4(-0.707107, 2.156809, -0.015235, 1)
vec4(1.0, 2.863915, -0.848929, 1)
vec4(0.19509, 1.88313, -0.024016, 1)
vec4(0.83147, 2.308345, -0.015235, 1)
vec4(0.0, 1.863915, -0.968244, 1)
vec4(0.0, 1.863915, -0.023546, 1)
vec4(-1.0, 2.295873, -0.901822, 1)
vec4(-0.707107, 1.588767, -0.015331, 1)
vec4(1.0, 2.295873, -0.902362, 1)
vec4(0.19509, 1.315088, -0.036079, 1)
vec4(0.83147, 1.740303, -0.018155, 1)
vec4(0.0, 1.295873, -0.997957, 1)
vec4(0.0, 1.295873, -0.034335, 1)
vec4(0.55557, 1.464404, -0.029673, 1)
vec4(0.83147, 1.740303, -0.950771, 1)
vec4(-0.980785, 2.100783, -0.01115, 1)
vec4(0.92388, 1.91319, -0.93518, 1)
vec4(0.980785, 2.100783, -0.01115, 1)
vec4(-1.0, 2.295873, -0.012135, 1)
vec4(-0.55557, 1.464404, -0.018155, 1)
vec4(0.980785, 2.100783, -0.903041, 1)
vec4(0.382683, 1.371994, -0.034335, 1)
vec4(0.92388, 1.91319, -0.015331, 1)
vec4(-0.19509, 1.315088, -0.985266, 1)
vec4(0.707107, 1.588766, -0.968424, 1)
vec4(-0.382683, 1.371994, -0.023608, 1)
vec4(-0.382683, 1.371994, -0.968424, 1)
vec4(0.55557, 1.464404, -0.985266, 1)
vec4(1.0, 2.295873, -0.012135, 1)
vec4(-0.92388, 1.91319, -0.015235, 1)
vec4(-0.55557, 1.464404, -0.950771, 1)
vec4(0.382683, 1.371994, -0.997957, 1)
vec4(0.707107, 1.588766, -0.023608, 1)
vec4(-0.707107, 1.588766, -0.93518, 1)
vec4(0.19509, 1.315088, -1.002964, 1)
vec4(-0.19509, 1.315088, -0.029673, 1)
vec4(-0.83147, 1.740303, -0.923854, 1)
vec4(-0.83147, 1.740303, -0.015235, 1)
vec4(-0.92388, 1.91319, -0.918181, 1)
vec4(-0.980785, 2.100783, -0.896836, 1)
vec4(0.0, 3.47906, -3.31512, 1)
vec4(0.10163, 3.489071, -3.315121, 1)
vec4(0.199122, 3.519278, -3.31596, 1)
vec4(0.288913, 3.567612, -3.316373, 1)
vec4(0.368169, 3.631831, -3.315494, 1)
vec4(0.433146, 3.710581, -3.31512, 1)
vec4(0.481286, 3.800645, -3.31512, 1)
vec4(0.51093, 3.89837, -3.31512, 1)
vec4(0.481286, 4.199355, -3.31512, 1)
vec4(-0.481286, 4.199355, -3.31512, 1)
vec4(-0.51093, 3.89837, -3.31512, 1)
vec4(-0.481286, 3.800645, -3.31512, 1)
vec4(-0.433146, 3.710581, -3.31512, 1)
vec4(-0.368169, 3.631831, -3.315494, 1)
vec4(-0.288913, 3.567612, -3.316373, 1)
vec4(-0.199122, 3.519278, -3.31596, 1)
vec4(-0.10163, 3.489071, -3.315121, 1)
vec4(0.0, 3.701212, -3.485859, 1)
vec4(0.058291, 3.706954, -3.485859, 1)
vec4(0.114156, 3.724403, -3.486142, 1)
vec4(0.165597, 3.752167, -3.486282, 1)
vec4(0.211123, 3.788877, -3.485985, 1)
vec4(0.248433, 3.834002, -3.485859, 1)
vec4(0.276044, 3.885659, -3.485859, 1)
vec4(-0.276044, 3.885659, -3.485859, 1)
vec4(-0.248433, 3.834002, -3.485859, 1)
vec4(-0.211123, 3.788877, -3.485985, 1)
vec4(-0.165597, 3.752167, -3.486282, 1)
vec4(-0.114156, 3.724403, -3.486142, 1)
vec4(-0.058291, 3.706954, -3.485859, 1)
vec4(0.222113, 3.907998, -3.515798, 1)
vec4(0.282821, 3.907998, -3.485859, 1)
vec4(-0.222113, 3.907998, -3.515798, 1)
vec4(-0.282821, 3.907998, -3.485859, 1)
vec4(-0.511879, 3.907998, -3.31512, 1)
vec4(-0.596343, 4.0, -2.910348, 1)
vec4(-0.587282, 3.907998, -2.910348, 1)
vec4(-0.584885, 4.116341, -2.910348, 1)
vec4(-0.567233, 4.174531, -2.910348, 1)
vec4(-0.488816, 4.174531, -3.31512, 1)
vec4(0.567233, 4.174531, -2.910348, 1)
vec4(0.488816, 4.174531, -3.31512, 1)
vec4(0.584885, 4.116341, -2.910348, 1)
vec4(0.596343, 4.0, -2.910348, 1)
vec4(0.511879, 3.907998, -3.31512, 1)
vec4(0.587282, 3.907998, -2.910348, 1)
vec4(-0.462525, 3.907998, -3.353052, 1)
vec4(0.462525, 3.907998, -3.353052, 1)
vec4(0.074839, 3.863081, -3.558688, 1)
vec4(0.090458, 3.86462, -3.555595, 1)
vec4(0.097383, 3.865302, -3.553604, 1)
vec4(0.126013, 3.873987, -3.547703, 1)
vec4(0.169053, 3.887043, -3.534823, 1)
vec4(0.191023, 3.893707, -3.526456, 1)
vec4(0.217759, 3.907998, -3.517776, 1)
vec4(-0.169053, 3.887043, -3.534823, 1)
vec4(-0.191023, 3.893707, -3.526456, 1)
vec4(-0.217759, 3.907998, -3.517776, 1)
vec4(-0.126013, 3.873987, -3.547703, 1)
vec4(-0.097383, 3.865302, -3.553602, 1)
vec4(-0.090458, 3.86462, -3.555595, 1)
vec4(-0.074839, 3.863081, -3.558688, 1)
vec4(0.0, 3.855711, -3.558688, 1)
vec4(-0.475324, 4.21051, -3.31512, 1)
vec4(-0.489577, 4.257496, -3.127842, 1)
vec4(-0.496918, 4.33203, -2.903398, 1)
vec4(-0.460433, 4.460433, -2.616135, 1)
vec4(-0.492637, 4.421193, -2.616135, 1)
vec4(-0.499168, 4.354878, -2.815826, 1)
vec4(-0.36176, 4.541412, -2.616135, 1)
vec4(-0.249185, 4.601585, -2.616135, 1)
vec4(-0.127033, 4.638639, -2.616135, 1)
vec4(0.0, 4.651151, -2.616135, 1)
vec4(0.127033, 4.638639, -2.616135, 1)
vec4(0.249185, 4.601585, -2.616135, 1)
vec4(0.36176, 4.541412, -2.616135, 1)
vec4(0.460433, 4.460433, -2.616135, 1)
vec4(0.496918, 4.33203, -2.903398, 1)
vec4(0.499168, 4.354878, -2.815826, 1)
vec4(0.492637, 4.421193, -2.616135, 1)
vec4(0.489577, 4.257496, -3.127842, 1)
vec4(0.475324, 4.21051, -3.31512, 1)
vec4(-0.46441, 4.174531, -3.333158, 1)
vec4(-0.470597, 4.194928, -3.324012, 1)
vec4(0.470597, 4.194928, -3.324012, 1)
vec4(0.46441, 4.174531, -3.333158, 1)
vec4(-0.217759, 3.907998, -2.910348, 1)
vec4(0.277323, 3.939836, -2.910348, 1)
vec4(0.217759, 3.907998, -2.910348, 1)
vec4(-0.46441, 4.174531, -2.910348, 1)
vec4(-0.461171, 4.163855, -2.910348, 1)
vec4(0.46441, 4.174531, -2.910348, 1)
vec4(-0.352965, 4.001914, -2.910348, 1)
vec4(-0.415043, 4.077556, -2.910348, 1)
vec4(0.352965, 4.001914, -2.910348, 1)
vec4(-0.277323, 3.939836, -2.910348, 1)
vec4(0.461171, 4.163855, -2.910348, 1)
vec4(0.415043, 4.077556, -2.910348, 1)
vec4(0.401805, 4.341398, -2.903398, 1)
vec4(0.404055, 4.364246, -2.815826, 1)
vec4(0.397524, 4.430561, -2.616135, 1)
vec4(0.394464, 4.266863, -3.127842, 1)
vec4(0.380211, 4.219877, -3.31512, 1)
vec4(0.375484, 4.204296, -3.324012, 1)
vec4(0.369297, 4.183898, -3.333158, 1)
vec4(0.369297, 4.183898, -2.910348, 1)
vec4(0.366058, 4.173223, -2.910348, 1)
vec4(0.404055, 4.364246, -2.616135, 1)
vec4(0.394464, 4.266863, -2.616135, 1)
vec4(0.366058, 4.173223, -2.616135, 1)
vec4(-0.416137, 4.216339, -3.31512, 1)
vec4(-0.43039, 4.263325, -3.127842, 1)
vec4(-0.437731, 4.337859, -2.903398, 1)
vec4(-0.439981, 4.360708, -2.815826, 1)
vec4(-0.43345, 4.427022, -2.616135, 1)
vec4(-0.405223, 4.18036, -3.333158, 1)
vec4(-0.41141, 4.200757, -3.324012, 1)
vec4(-0.405223, 4.18036, -2.910348, 1)
vec4(-0.401984, 4.169684, -2.910348, 1)
vec4(-0.401984, 4.169684, -2.616135, 1)
vec4(-0.43039, 4.263325, -2.616135, 1)
vec4(-0.439981, 4.360708, -2.616135, 1)
