vec3(0.0,6.685358,-4.501077)
vec3(0.0,6.439107,-2.501077)
vec3(0.19509,6.666143,-4.501077)
vec3(0.147049,6.424624,-2.501077)
vec3(0.382683,6.609237,-4.501077)
vec3(0.288447,6.381731,-2.501077)
vec3(0.55557,6.516827,-4.501077)
vec3(0.418761,6.312078,-2.501077)
vec3(0.707107,6.392465,-4.501077)
vec3(0.532981,6.218339,-2.501077)
vec3(0.83147,6.240928,-4.501078)
vec3(0.62672,6.104118,-2.501077)
vec3(0.92388,6.068041,-4.501078)
vec3(0.696374,5.973805,-2.501077)
vec3(0.980785,5.880448,-4.501078)
vec3(0.739266,5.832407,-2.501077)
vec3(1.0,5.685358,-4.501078)
vec3(0.753749,5.685358,-2.501077)
vec3(0.980785,5.490267,-4.501078)
vec3(0.739266,5.538308,-2.501077)
vec3(0.92388,5.302674,-4.501078)
vec3(0.696374,5.39691,-2.501077)
vec3(0.83147,5.129787,-4.501078)
vec3(0.62672,5.266597,-2.501077)
vec3(0.707107,4.978251,-4.501078)
vec3(0.532981,5.152376,-2.501077)
vec3(0.55557,4.853888,-4.501078)
vec3(0.418761,5.058638,-2.501077)
vec3(0.382683,4.761478,-4.501078)
vec3(0.288447,4.988984,-2.501077)
vec3(0.19509,4.704572,-4.501078)
vec3(0.147049,4.946091,-2.501077)
vec3(0.0,4.685358,-4.501078)
vec3(0.0,4.931608,-2.501077)
vec3(-0.19509,4.704572,-4.501078)
vec3(-0.147049,4.946091,-2.501077)
vec3(-0.382683,4.761478,-4.501078)
vec3(-0.288447,4.988984,-2.501077)
vec3(-0.55557,4.853888,-4.501078)
vec3(-0.418761,5.058638,-2.501077)
vec3(-0.707107,4.978251,-4.501078)
vec3(-0.532981,5.152376,-2.501077)
vec3(-0.83147,5.129787,-4.501078)
vec3(-0.62672,5.266597,-2.501077)
vec3(-0.92388,5.302674,-4.501078)
vec3(-0.696374,5.39691,-2.501077)
vec3(-0.980785,5.490267,-4.501078)
vec3(-0.739266,5.538308,-2.501077)
vec3(-1.0,5.685358,-4.501078)
vec3(-0.753749,5.685358,-2.501077)
vec3(-0.980785,5.880448,-4.501078)
vec3(-0.739266,5.832407,-2.501077)
vec3(-0.92388,6.068041,-4.501078)
vec3(-0.696374,5.973805,-2.501077)
vec3(-0.83147,6.240928,-4.501078)
vec3(-0.62672,6.104118,-2.501077)
vec3(-0.707107,6.392465,-4.501077)
vec3(-0.532981,6.218339,-2.501077)
vec3(-0.55557,6.516827,-4.501077)
vec3(-0.418761,6.312078,-2.501077)
vec3(-0.382683,6.609237,-4.501077)
vec3(-0.288447,6.381731,-2.501077)
vec3(-0.19509,6.666143,-4.501077)
vec3(-0.147049,6.424624,-2.501077)
vec3(0.0,6.685358,-2.764239)
vec3(0.19509,6.666143,-2.764239)
vec3(0.382683,6.609237,-2.764239)
vec3(0.55557,6.516827,-2.764239)
vec3(0.707107,6.392464,-2.764239)
vec3(0.83147,6.240928,-2.764239)
vec3(0.92388,6.068041,-2.764239)
vec3(0.980785,5.880448,-2.764239)
vec3(1.0,5.685358,-2.764239)
vec3(0.980785,5.490267,-2.764239)
vec3(0.92388,5.302674,-2.764239)
vec3(0.83147,5.129787,-2.764239)
vec3(0.707107,4.978251,-2.764239)
vec3(0.55557,4.853888,-2.764239)
vec3(0.382683,4.761478,-2.764239)
vec3(0.19509,4.704572,-2.764239)
vec3(0.0,4.685358,-2.764239)
vec3(-0.19509,4.704572,-2.764239)
vec3(-0.382683,4.761478,-2.764239)
vec3(-0.55557,4.853888,-2.764239)
vec3(-0.707107,4.978251,-2.764239)
vec3(-0.83147,5.129787,-2.764239)
vec3(-0.92388,5.302674,-2.764239)
vec3(-0.980785,5.490267,-2.764239)
vec3(-1.0,5.685358,-2.764239)
vec3(-0.980785,5.880448,-2.764239)
vec3(-0.92388,6.068041,-2.764239)
vec3(-0.83147,6.240928,-2.764239)
vec3(-0.707107,6.392464,-2.764239)
vec3(-0.55557,6.516827,-2.764239)
vec3(-0.382683,6.609237,-2.764239)
vec3(-0.19509,6.666143,-2.764239)
vec3(0.0,6.29196,-4.501077)
vec3(0.118342,6.280304,-4.501077)
vec3(0.232137,6.245785,-4.501077)
vec3(0.33701,6.189729,-4.501077)
vec3(0.428933,6.11429,-4.501077)
vec3(0.504371,6.022367,-4.501077)
vec3(0.560427,5.917494,-4.501077)
vec3(0.594947,5.8037,-4.501077)
vec3(0.606602,5.685358,-4.501077)
vec3(0.594947,5.567015,-4.501077)
vec3(0.560427,5.453221,-4.501077)
vec3(0.504371,5.348348,-4.501077)
vec3(0.428933,5.256425,-4.501077)
vec3(0.33701,5.180986,-4.501077)
vec3(0.232137,5.12493,-4.501077)
vec3(0.118342,5.090411,-4.501077)
vec3(0.0,5.078755,-4.501077)
vec3(-0.118342,5.090411,-4.501077)
vec3(-0.232137,5.12493,-4.501077)
vec3(-0.33701,5.180986,-4.501077)
vec3(-0.428933,5.256425,-4.501077)
vec3(-0.504371,5.348348,-4.501077)
vec3(-0.560427,5.453221,-4.501077)
vec3(-0.594947,5.567015,-4.501077)
vec3(-0.606602,5.685358,-4.501077)
vec3(-0.594947,5.8037,-4.501077)
vec3(-0.560427,5.917494,-4.501077)
vec3(-0.504371,6.022367,-4.501077)
vec3(-0.428933,6.11429,-4.501077)
vec3(-0.33701,6.189729,-4.501077)
vec3(-0.232137,6.245785,-4.501077)
vec3(-0.118342,6.280304,-4.501077)
vec3(-0.0,6.29196,-4.748343)
vec3(0.118342,6.280304,-4.748343)
vec3(0.232137,6.245785,-4.748343)
vec3(0.33701,6.189729,-4.748343)
vec3(0.428933,6.11429,-4.748343)
vec3(0.504371,6.022368,-4.748343)
vec3(0.560427,5.917494,-4.748343)
vec3(0.594947,5.8037,-4.748343)
vec3(0.606602,5.685358,-4.748343)
vec3(0.594947,5.567015,-4.748343)
vec3(0.560427,5.453221,-4.748343)
vec3(0.504371,5.348348,-4.748343)
vec3(0.428933,5.256425,-4.748343)
vec3(0.33701,5.180986,-4.748343)
vec3(0.232137,5.12493,-4.748343)
vec3(0.118342,5.090411,-4.748343)
vec3(-0.0,5.078755,-4.748343)
vec3(-0.118342,5.090411,-4.748343)
vec3(-0.232137,5.12493,-4.748343)
vec3(-0.33701,5.180986,-4.748343)
vec3(-0.428933,5.256425,-4.748343)
vec3(-0.504371,5.348348,-4.748343)
vec3(-0.560427,5.453221,-4.748343)
vec3(-0.594947,5.567015,-4.748343)
vec3(-0.606602,5.685358,-4.748343)
vec3(-0.594947,5.8037,-4.748343)
vec3(-0.560427,5.917494,-4.748343)
vec3(-0.504371,6.022368,-4.748343)
vec3(-0.428933,6.11429,-4.748343)
vec3(-0.33701,6.189729,-4.748343)
vec3(-0.232137,6.245785,-4.748343)
vec3(-0.118342,6.280304,-4.748343)
vec3(-0.0,5.792309,-4.748343)
vec3(0.020865,5.790254,-4.748343)
vec3(0.040928,5.784168,-4.748343)
vec3(0.059419,5.774284,-4.748343)
vec3(0.075626,5.760983,-4.748343)
vec3(0.088927,5.744777,-4.748343)
vec3(0.09881,5.726286,-4.748343)
vec3(0.104896,5.706223,-4.748343)
vec3(0.106951,5.685358,-4.748343)
vec3(0.104896,5.664493,-4.748343)
vec3(0.09881,5.644429,-4.748343)
vec3(0.088927,5.625939,-4.748343)
vec3(0.075626,5.609732,-4.748343)
vec3(0.059419,5.596431,-4.748343)
vec3(0.040928,5.586547,-4.748343)
vec3(0.020865,5.580462,-4.748343)
vec3(-0.0,5.578406,-4.748343)
vec3(-0.020865,5.580462,-4.748343)
vec3(-0.040928,5.586547,-4.748343)
vec3(-0.059419,5.596431,-4.748343)
vec3(-0.075626,5.609732,-4.748343)
vec3(-0.088927,5.625939,-4.748343)
vec3(-0.09881,5.644429,-4.748343)
vec3(-0.104896,5.664493,-4.748343)
vec3(-0.106951,5.685358,-4.748343)
vec3(-0.104896,5.706223,-4.748343)
vec3(-0.09881,5.726286,-4.748343)
vec3(-0.088927,5.744777,-4.748343)
vec3(-0.075626,5.760983,-4.748343)
vec3(-0.059419,5.774284,-4.748343)
vec3(-0.040928,5.784168,-4.748343)
vec3(-0.020865,5.790254,-4.748343)
vec3(-0.0,6.29196,-4.748343)
vec3(0.118342,6.280304,-4.748343)
vec3(0.232137,6.245785,-4.748343)
vec3(0.33701,6.189729,-4.748343)
vec3(0.428933,6.11429,-4.748343)
vec3(0.504371,6.022368,-4.748343)
vec3(0.560427,5.917494,-4.748343)
vec3(0.594947,5.8037,-4.748343)
vec3(0.606602,5.685358,-4.748343)
vec3(0.594947,5.567015,-4.748343)
vec3(0.560427,5.453221,-4.748343)
vec3(0.504371,5.348348,-4.748343)
vec3(0.428933,5.256425,-4.748343)
vec3(0.33701,5.180986,-4.748343)
vec3(0.232137,5.12493,-4.748343)
vec3(0.118342,5.090411,-4.748343)
vec3(-0.0,5.078755,-4.748343)
vec3(-0.118342,5.090411,-4.748343)
vec3(-0.232137,5.12493,-4.748343)
vec3(-0.33701,5.180986,-4.748343)
vec3(-0.428933,5.256425,-4.748343)
vec3(-0.504371,5.348348,-4.748343)
vec3(-0.560427,5.453221,-4.748343)
vec3(-0.594947,5.567015,-4.748343)
vec3(-0.606602,5.685358,-4.748343)
vec3(-0.594947,5.8037,-4.748343)
vec3(-0.560427,5.917494,-4.748343)
vec3(-0.504371,6.022368,-4.748343)
vec3(-0.428933,6.11429,-4.748343)
vec3(-0.33701,6.189729,-4.748343)
vec3(-0.232137,6.245785,-4.748343)
vec3(-0.118342,6.280304,-4.748343)
vec3(-1e-06,5.792309,-7.802139)
vec3(0.020865,5.790254,-7.802139)
vec3(0.040928,5.784168,-7.802139)
vec3(0.059418,5.774284,-7.802139)
vec3(0.075625,5.760983,-7.802139)
vec3(0.088926,5.744777,-7.802139)
vec3(0.09881,5.726286,-7.802139)
vec3(0.104896,5.706223,-7.802139)
vec3(0.106951,5.685358,-7.802139)
vec3(0.104896,5.664493,-7.802139)
vec3(0.09881,5.644429,-7.802139)
vec3(0.088926,5.625939,-7.802139)
vec3(0.075625,5.609732,-7.802139)
vec3(0.059418,5.596431,-7.802139)
vec3(0.040928,5.586548,-7.802139)
vec3(0.020865,5.580462,-7.802139)
vec3(-1e-06,5.578406,-7.802139)
vec3(-0.020866,5.580462,-7.802139)
vec3(-0.040929,5.586548,-7.802139)
vec3(-0.059419,5.596431,-7.802139)
vec3(-0.075626,5.609732,-7.802139)
vec3(-0.088927,5.625939,-7.802139)
vec3(-0.098811,5.644429,-7.802139)
vec3(-0.104897,5.664493,-7.802139)
vec3(-0.106952,5.685358,-7.802139)
vec3(-0.104897,5.706223,-7.802139)
vec3(-0.098811,5.726286,-7.802139)
vec3(-0.088927,5.744777,-7.802139)
vec3(-0.075626,5.760983,-7.802139)
vec3(-0.059419,5.774284,-7.802139)
vec3(-0.040929,5.784168,-7.802139)
vec3(-0.020866,5.790254,-7.802139)
