vec3(0.0717,0.7283,0.6815)
vec3(0.2124,0.7003,0.6815)
vec3(0.345,0.6454,0.6815)
vec3(0.4643,0.5657,0.6815)
vec3(0.5657,0.4643,0.6815)
vec3(0.6454,0.345,0.6815)
vec3(0.7003,0.2124,0.6815)
vec3(0.7283,0.0717,0.6815)
vec3(0.7283,-0.0717,0.6815)
vec3(0.7003,-0.2124,0.6815)
vec3(0.6454,-0.345,0.6815)
vec3(0.5657,-0.4643,0.6815)
vec3(0.4643,-0.5657,0.6815)
vec3(0.345,-0.6454,0.6815)
vec3(0.2124,-0.7003,0.6815)
vec3(0.0717,-0.7283,0.6815)
vec3(-0.0717,-0.7283,0.6815)
vec3(-0.2124,-0.7003,0.6815)
vec3(-0.345,-0.6454,0.6815)
vec3(-0.4643,-0.5657,0.6815)
vec3(-0.5657,-0.4643,0.6815)
vec3(-0.6454,-0.345,0.6815)
vec3(-0.7003,-0.2124,0.6815)
vec3(-0.7283,-0.0717,0.6815)
vec3(-0.7283,0.0717,0.6815)
vec3(-0.7003,0.2124,0.6815)
vec3(-0.6454,0.345,0.6815)
vec3(-0.5657,0.4643,0.6815)
vec3(-0.4643,0.5657,0.6815)
vec3(-0.345,0.6454,0.6815)
vec3(-0.0,-0.0,1.0)
vec3(-0.2124,0.7003,0.6815)
vec3(-0.0717,0.7283,0.6815)
vec3(-0.0,-0.0,-1.0)
vec3(-0.098,0.9952,-0.0)
vec3(-0.2903,0.9569,-0.0)
vec3(-0.4714,0.8819,-0.0)
vec3(-0.6344,0.773,-0.0)
vec3(-0.773,0.6344,-0.0)
vec3(-0.8819,0.4714,-0.0)
vec3(-0.9569,0.2903,-0.0)
vec3(-0.9952,0.098,-0.0)
vec3(-0.9952,-0.098,-0.0)
vec3(-0.9569,-0.2903,-0.0)
vec3(-0.8819,-0.4714,-0.0)
vec3(-0.773,-0.6344,-0.0)
vec3(-0.6344,-0.773,-0.0)
vec3(-0.4714,-0.8819,-0.0)
vec3(-0.2903,-0.9569,-0.0)
vec3(-0.098,-0.9952,-0.0)
vec3(0.098,-0.9952,-0.0)
vec3(0.2903,-0.9569,-0.0)
vec3(0.4714,-0.8819,-0.0)
vec3(0.6344,-0.773,-0.0)
vec3(0.773,-0.6344,-0.0)
vec3(0.8819,-0.4714,-0.0)
vec3(0.9569,-0.2903,-0.0)
vec3(0.9952,-0.098,-0.0)
vec3(0.9952,0.098,-0.0)
vec3(0.9569,0.2903,-0.0)
vec3(0.8819,0.4714,-0.0)
vec3(0.773,0.6344,-0.0)
vec3(0.6344,0.773,-0.0)
vec3(0.4714,0.8819,-0.0)
vec3(0.2903,0.9569,-0.0)
vec3(0.098,0.9952,-0.0)
vec3(-0.0001,-0.0,-1.0)
vec3(0.0003,-0.0,-1.0)
vec3(0.0001,-0.0,-1.0)
vec3(-0.0003,-0.0,-1.0)
vec3(0.0002,-0.0,-1.0)
