vec3(540,604,603)
vec3(599,600,601)
vec3(459,459,459)
vec3(542,605,604)
vec3(602,603,600)
vec3(460,460,460)
vec3(544,606,605)
vec3(604,605,603)
vec3(461,461,461)
vec3(546,607,606)
vec3(606,607,605)
vec3(462,462,462)
vec3(548,608,607)
vec3(608,609,607)
vec3(463,463,463)
vec3(608,552,609)
vec3(609,610,611)
vec3(464,464,464)
vec3(552,610,609)
vec3(610,612,611)
vec3(465,465,465)
vec3(554,611,610)
vec3(613,614,612)
vec3(466,466,466)
vec3(556,612,611)
vec3(615,616,614)
vec3(467,467,467)
vec3(558,613,612)
vec3(617,618,616)
vec3(468,468,468)
vec3(560,614,613)
vec3(619,620,618)
vec3(469,469,469)
vec3(562,615,614)
vec3(621,622,620)
vec3(470,470,470)
vec3(564,616,615)
vec3(623,624,622)
vec3(471,471,471)
vec3(616,568,617)
vec3(624,625,626)
vec3(472,472,472)
vec3(568,618,617)
vec3(625,627,626)
vec3(473,473,473)
vec3(570,619,618)
vec3(628,629,627)
vec3(474,474,474)
vec3(572,620,619)
vec3(630,631,629)
vec3(475,475,475)
vec3(574,621,620)
vec3(632,633,631)
vec3(476,476,476)
vec3(576,622,621)
vec3(634,635,633)
vec3(477,477,477)
vec3(578,623,622)
vec3(636,637,635)
vec3(478,478,478)
vec3(580,624,623)
vec3(638,639,637)
vec3(479,479,479)
vec3(624,584,625)
vec3(639,640,641)
vec3(480,480,480)
vec3(584,626,625)
vec3(640,642,641)
vec3(481,481,481)
vec3(586,627,626)
vec3(643,644,642)
vec3(482,482,482)
vec3(588,628,627)
vec3(645,646,644)
vec3(483,483,483)
vec3(590,629,628)
vec3(647,648,646)
vec3(484,484,484)
vec3(592,630,629)
vec3(649,650,648)
vec3(485,485,485)
vec3(594,631,630)
vec3(651,652,650)
vec3(486,486,486)
vec3(596,632,631)
vec3(653,654,652)
vec3(487,487,487)
vec3(632,600,633)
vec3(654,655,656)
vec3(488,488,488)
vec3(576,560,544)
vec3(657,658,659)
vec3(489,489,489)
vec3(600,634,633)
vec3(655,660,656)
vec3(490,490,490)
vec3(602,603,634)
vec3(661,662,660)
vec3(491,491,491)
vec3(551,640,549)
vec3(663,664,664)
vec3(492,492,492)
vec3(634,539,601)
vec3(660,665,666)
vec3(493,493,493)
vec3(633,601,599)
vec3(656,666,667)
vec3(494,494,494)
vec3(632,599,597)
vec3(654,667,668)
vec3(495,495,495)
vec3(631,597,595)
vec3(652,668,669)
vec3(496,496,496)
vec3(630,595,593)
vec3(650,669,670)
vec3(497,497,497)
vec3(629,593,591)
vec3(648,670,671)
vec3(498,498,498)
vec3(628,591,589)
vec3(646,671,672)
vec3(499,499,499)
vec3(627,589,587)
vec3(644,672,673)
vec3(500,500,500)
vec3(626,587,585)
vec3(642,673,674)
vec3(501,501,501)
vec3(625,585,583)
vec3(641,674,675)
vec3(502,502,502)
vec3(624,583,581)
vec3(639,675,676)
vec3(503,503,503)
vec3(623,581,579)
vec3(637,676,677)
vec3(504,504,504)
vec3(622,579,577)
vec3(635,677,678)
vec3(505,505,505)
vec3(621,577,575)
vec3(633,678,679)
vec3(506,506,506)
vec3(620,575,573)
vec3(631,679,680)
vec3(507,507,507)
vec3(619,573,571)
vec3(629,680,681)
vec3(508,508,508)
vec3(618,571,569)
vec3(627,681,682)
vec3(509,509,509)
vec3(617,569,567)
vec3(626,682,683)
vec3(510,510,510)
vec3(616,567,565)
vec3(624,683,684)
vec3(511,511,511)
vec3(615,565,563)
vec3(622,684,685)
vec3(512,512,512)
vec3(614,563,561)
vec3(620,685,686)
vec3(513,513,513)
vec3(613,561,559)
vec3(618,686,687)
vec3(514,514,514)
vec3(612,559,557)
vec3(616,687,688)
vec3(515,515,515)
vec3(611,557,555)
vec3(614,688,689)
vec3(516,516,516)
vec3(610,555,553)
vec3(612,689,690)
vec3(517,517,517)
vec3(609,553,551)
vec3(611,690,663)
vec3(518,518,518)
vec3(608,551,549)
vec3(609,663,664)
vec3(519,519,519)
vec3(607,549,547)
vec3(607,664,691)
vec3(520,520,520)
vec3(606,547,545)
vec3(605,691,692)
vec3(521,521,521)
vec3(605,545,543)
vec3(603,692,693)
vec3(522,522,522)
vec3(604,543,541)
vec3(600,693,694)
vec3(523,523,523)
vec3(603,541,539)
vec3(601,694,695)
vec3(524,524,524)
vec3(653,684,652)
vec3(679,680,680)
vec3(507,507,507)
vec3(569,649,567)
vec3(682,683,683)
vec3(492,492,492)
vec3(587,658,585)
vec3(673,674,674)
vec3(492,492,492)
vec3(543,636,541)
vec3(693,694,694)
vec3(492,492,492)
vec3(561,645,559)
vec3(686,687,687)
vec3(492,492,492)
vec3(577,655,654)
vec3(678,677,678)
vec3(492,492,492)
vec3(597,663,595)
vec3(668,669,669)
vec3(492,492,492)
vec3(553,641,551)
vec3(690,663,663)
vec3(492,492,492)
vec3(571,650,569)
vec3(681,682,682)
vec3(492,492,492)
vec3(589,659,587)
vec3(672,673,673)
vec3(492,492,492)
vec3(545,637,543)
vec3(692,693,693)
vec3(492,492,492)
vec3(561,647,646)
vec3(686,685,686)
vec3(492,492,492)
vec3(581,655,579)
vec3(676,677,677)
vec3(492,492,492)
vec3(599,664,597)
vec3(667,668,668)
vec3(492,492,492)
vec3(555,642,553)
vec3(689,690,690)
vec3(492,492,492)
vec3(573,651,571)
vec3(680,681,681)
vec3(492,492,492)
vec3(591,660,589)
vec3(671,672,672)
vec3(492,492,492)
vec3(545,639,638)
vec3(692,691,692)
vec3(492,492,492)
vec3(565,647,563)
vec3(684,685,685)
vec3(492,492,492)
vec3(583,656,581)
vec3(675,676,676)
vec3(492,492,492)
vec3(601,665,599)
vec3(666,667,667)
vec3(492,492,492)
vec3(557,643,555)
vec3(688,689,689)
vec3(492,492,492)
vec3(575,652,573)
vec3(679,680,680)
vec3(492,492,492)
vec3(593,661,591)
vec3(670,671,671)
vec3(492,492,492)
vec3(549,639,547)
vec3(664,691,691)
vec3(492,492,492)
vec3(567,648,565)
vec3(683,684,684)
vec3(492,492,492)
vec3(585,657,583)
vec3(674,675,675)
vec3(492,492,492)
vec3(539,636,635)
vec3(695,694,695)
vec3(492,492,492)
vec3(539,666,601)
vec3(665,666,666)
vec3(492,492,492)
vec3(559,644,557)
vec3(687,688,688)
vec3(492,492,492)
vec3(575,654,653)
vec3(679,678,679)
vec3(492,492,492)
vec3(593,663,662)
vec3(670,669,670)
vec3(492,492,492)
vec3(686,751,750)
vec3(678,677,678)
vec3(489,489,489)
vec3(640,671,639)
vec3(664,691,691)
vec3(520,520,520)
vec3(635,698,666)
vec3(665,666,666)
vec3(493,493,493)
vec3(654,685,653)
vec3(678,679,679)
vec3(506,506,506)
vec3(641,672,640)
vec3(663,664,664)
vec3(519,519,519)
vec3(655,686,654)
vec3(677,678,678)
vec3(505,505,505)
vec3(642,673,641)
vec3(690,663,663)
vec3(518,518,518)
vec3(656,687,655)
vec3(676,677,677)
vec3(504,504,504)
vec3(643,674,642)
vec3(689,690,690)
vec3(517,517,517)
vec3(657,688,656)
vec3(675,676,676)
vec3(503,503,503)
vec3(644,675,643)
vec3(688,689,689)
vec3(516,516,516)
vec3(658,689,657)
vec3(674,675,675)
vec3(502,502,502)
vec3(645,676,644)
vec3(687,688,688)
vec3(515,515,515)
vec3(659,690,658)
vec3(673,674,674)
vec3(501,501,501)
vec3(646,677,645)
vec3(686,687,687)
vec3(514,514,514)
vec3(660,691,659)
vec3(672,673,673)
vec3(500,500,500)
vec3(647,678,646)
vec3(685,686,686)
vec3(513,513,513)
vec3(661,692,660)
vec3(671,672,672)
vec3(499,499,499)
vec3(648,679,647)
vec3(684,685,685)
vec3(512,512,512)
vec3(662,693,661)
vec3(670,671,671)
vec3(498,498,498)
vec3(649,680,648)
vec3(683,684,684)
vec3(511,511,511)
vec3(636,667,635)
vec3(694,695,695)
vec3(524,524,524)
vec3(663,694,662)
vec3(669,670,670)
vec3(497,497,497)
vec3(650,681,649)
vec3(682,683,683)
vec3(510,510,510)
vec3(637,668,636)
vec3(693,694,694)
vec3(523,523,523)
vec3(664,695,663)
vec3(668,669,669)
vec3(496,496,496)
vec3(651,682,650)
vec3(681,682,682)
vec3(509,509,509)
vec3(638,669,637)
vec3(692,693,693)
vec3(522,522,522)
vec3(665,696,664)
vec3(667,668,668)
vec3(495,495,495)
vec3(652,683,651)
vec3(680,681,681)
vec3(508,508,508)
vec3(639,670,638)
vec3(691,692,692)
vec3(521,521,521)
vec3(666,697,665)
vec3(666,667,667)
vec3(494,494,494)
vec3(713,776,712)
vec3(696,697,697)
vec3(511,511,511)
vec3(673,738,737)
vec3(663,690,663)
vec3(489,489,489)
vec3(687,752,751)
vec3(677,676,677)
vec3(489,489,489)
vec3(674,739,738)
vec3(690,689,690)
vec3(489,489,489)
vec3(688,753,752)
vec3(676,675,676)
vec3(489,489,489)
vec3(675,740,739)
vec3(689,688,689)
vec3(489,489,489)
vec3(689,754,753)
vec3(675,674,675)
vec3(489,489,489)
vec3(676,741,740)
vec3(688,687,688)
vec3(489,489,489)
vec3(690,755,754)
vec3(674,673,674)
vec3(489,489,489)
vec3(677,742,741)
vec3(687,686,687)
vec3(489,489,489)
vec3(691,756,755)
vec3(673,672,673)
vec3(489,489,489)
vec3(678,743,742)
vec3(686,685,686)
vec3(489,489,489)
vec3(692,757,756)
vec3(672,671,672)
vec3(489,489,489)
vec3(679,744,743)
vec3(685,684,685)
vec3(489,489,489)
vec3(693,758,757)
vec3(671,670,671)
vec3(489,489,489)
vec3(680,745,744)
vec3(684,683,684)
vec3(489,489,489)
vec3(667,732,731)
vec3(695,694,695)
vec3(489,489,489)
vec3(694,759,758)
vec3(670,669,670)
vec3(489,489,489)
vec3(681,746,745)
vec3(683,682,683)
vec3(489,489,489)
vec3(668,733,732)
vec3(694,693,694)
vec3(489,489,489)
vec3(695,760,759)
vec3(669,668,669)
vec3(489,489,489)
vec3(682,747,746)
vec3(682,681,682)
vec3(489,489,489)
vec3(669,734,733)
vec3(693,692,693)
vec3(489,489,489)
vec3(696,761,760)
vec3(668,667,668)
vec3(489,489,489)
vec3(683,748,747)
vec3(681,680,681)
vec3(489,489,489)
vec3(670,735,734)
vec3(692,691,692)
vec3(489,489,489)
vec3(697,762,761)
vec3(667,666,667)
vec3(489,489,489)
vec3(684,749,748)
vec3(680,679,680)
vec3(489,489,489)
vec3(671,736,735)
vec3(691,664,691)
vec3(489,489,489)
vec3(698,731,762)
vec3(666,665,666)
vec3(489,489,489)
vec3(685,750,749)
vec3(679,678,679)
vec3(489,489,489)
vec3(672,737,736)
vec3(664,663,664)
vec3(489,489,489)
vec3(699,732,700)
vec3(698,699,700)
vec3(492,492,492)
vec3(700,733,701)
vec3(700,701,702)
vec3(492,492,492)
vec3(702,733,734)
vec3(703,701,704)
vec3(492,492,492)
vec3(702,735,703)
vec3(703,705,706)
vec3(492,492,492)
vec3(704,735,736)
vec3(707,705,708)
vec3(492,492,492)
vec3(704,737,705)
vec3(707,709,710)
vec3(492,492,492)
vec3(705,738,706)
vec3(710,711,712)
vec3(492,492,492)
vec3(706,739,707)
vec3(712,713,714)
vec3(492,492,492)
vec3(707,740,708)
vec3(714,715,716)
vec3(492,492,492)
vec3(709,740,741)
vec3(717,715,718)
vec3(492,492,492)
vec3(709,742,710)
vec3(717,719,720)
vec3(492,492,492)
vec3(710,743,711)
vec3(720,721,722)
vec3(492,492,492)
vec3(712,743,744)
vec3(697,721,723)
vec3(492,492,492)
vec3(712,745,713)
vec3(697,724,696)
vec3(492,492,492)
vec3(713,746,714)
vec3(696,725,726)
vec3(492,492,492)
vec3(715,746,747)
vec3(727,725,728)
vec3(492,492,492)
vec3(715,748,716)
vec3(727,729,730)
vec3(492,492,492)
vec3(716,749,717)
vec3(730,731,732)
vec3(492,492,492)
vec3(717,750,718)
vec3(732,733,734)
vec3(492,492,492)
vec3(718,751,719)
vec3(734,735,736)
vec3(492,492,492)
vec3(720,751,752)
vec3(737,735,738)
vec3(492,492,492)
vec3(720,753,721)
vec3(737,739,740)
vec3(492,492,492)
vec3(721,754,722)
vec3(740,741,742)
vec3(492,492,492)
vec3(722,755,723)
vec3(742,743,744)
vec3(492,492,492)
vec3(723,756,724)
vec3(744,745,746)
vec3(492,492,492)
vec3(725,756,757)
vec3(747,745,748)
vec3(492,492,492)
vec3(725,758,726)
vec3(747,749,750)
vec3(492,492,492)
vec3(726,759,727)
vec3(750,751,752)
vec3(492,492,492)
vec3(728,759,760)
vec3(753,751,754)
vec3(492,492,492)
vec3(728,761,729)
vec3(753,755,756)
vec3(492,492,492)
vec3(729,762,730)
vec3(756,757,758)
vec3(492,492,492)
vec3(699,762,731)
vec3(698,757,759)
vec3(492,492,492)
vec3(770,778,786)
vec3(712,726,742)
vec3(492,492,492)
vec3(700,763,699)
vec3(700,698,698)
vec3(524,524,524)
vec3(727,790,726)
vec3(752,750,750)
vec3(497,497,497)
vec3(714,777,713)
vec3(726,696,696)
vec3(510,510,510)
vec3(701,764,700)
vec3(702,700,700)
vec3(523,523,523)
vec3(728,791,727)
vec3(753,752,752)
vec3(496,496,496)
vec3(715,778,714)
vec3(727,726,726)
vec3(509,509,509)
vec3(701,766,765)
vec3(702,703,702)
vec3(522,522,522)
vec3(729,792,728)
vec3(756,753,753)
vec3(495,495,495)
vec3(715,780,779)
vec3(727,730,727)
vec3(508,508,508)
vec3(703,766,702)
vec3(706,703,703)
vec3(521,521,521)
vec3(729,794,793)
vec3(756,758,756)
vec3(494,494,494)
vec3(717,780,716)
vec3(732,730,730)
vec3(507,507,507)
vec3(704,767,703)
vec3(707,706,706)
vec3(520,520,520)
vec3(699,794,730)
vec3(698,758,758)
vec3(493,493,493)
vec3(718,781,717)
vec3(734,732,732)
vec3(506,506,506)
vec3(705,768,704)
vec3(710,707,707)
vec3(519,519,519)
vec3(719,782,718)
vec3(736,734,734)
vec3(505,505,505)
vec3(706,769,705)
vec3(712,710,710)
vec3(518,518,518)
vec3(720,783,719)
vec3(737,736,736)
vec3(504,504,504)
vec3(707,770,706)
vec3(714,712,712)
vec3(517,517,517)
vec3(721,784,720)
vec3(740,737,737)
vec3(503,503,503)
vec3(708,771,707)
vec3(716,714,714)
vec3(516,516,516)
vec3(722,785,721)
vec3(742,740,740)
vec3(502,502,502)
vec3(709,772,708)
vec3(717,716,716)
vec3(515,515,515)
vec3(723,786,722)
vec3(744,742,742)
vec3(501,501,501)
vec3(710,773,709)
vec3(720,717,717)
vec3(514,514,514)
vec3(724,787,723)
vec3(746,744,744)
vec3(500,500,500)
vec3(711,774,710)
vec3(722,720,720)
vec3(513,513,513)
vec3(725,788,724)
vec3(747,746,746)
vec3(499,499,499)
vec3(712,775,711)
vec3(697,722,722)
vec3(512,512,512)
vec3(726,789,725)
vec3(750,747,747)
vec3(498,498,498)
vec3(540,542,604)
vec3(599,602,600)
vec3(459,459,459)
vec3(542,544,605)
vec3(602,604,603)
vec3(460,460,460)
vec3(544,546,606)
vec3(604,606,605)
vec3(461,461,461)
vec3(546,548,607)
vec3(606,608,607)
vec3(462,462,462)
vec3(548,550,608)
vec3(608,760,609)
vec3(463,463,463)
vec3(608,550,552)
vec3(609,760,610)
vec3(464,464,464)
vec3(552,554,610)
vec3(610,613,612)
vec3(465,465,465)
vec3(554,556,611)
vec3(613,615,614)
vec3(466,466,466)
vec3(556,558,612)
vec3(615,617,616)
vec3(467,467,467)
vec3(558,560,613)
vec3(617,619,618)
vec3(468,468,468)
vec3(560,562,614)
vec3(619,621,620)
vec3(469,469,469)
vec3(562,564,615)
vec3(621,623,622)
vec3(470,470,470)
vec3(564,566,616)
vec3(623,761,624)
vec3(471,471,471)
vec3(616,566,568)
vec3(624,761,625)
vec3(472,472,472)
vec3(568,570,618)
vec3(625,628,627)
vec3(473,473,473)
vec3(570,572,619)
vec3(628,630,629)
vec3(474,474,474)
vec3(572,574,620)
vec3(630,632,631)
vec3(475,475,475)
vec3(574,576,621)
vec3(632,634,633)
vec3(476,476,476)
vec3(576,578,622)
vec3(634,636,635)
vec3(477,477,477)
vec3(578,580,623)
vec3(636,638,637)
vec3(478,478,478)
vec3(580,582,624)
vec3(638,762,639)
vec3(479,479,479)
vec3(624,582,584)
vec3(639,762,640)
vec3(480,480,480)
vec3(584,586,626)
vec3(640,643,642)
vec3(481,481,481)
vec3(586,588,627)
vec3(643,645,644)
vec3(482,482,482)
vec3(588,590,628)
vec3(645,647,646)
vec3(483,483,483)
vec3(590,592,629)
vec3(647,649,648)
vec3(484,484,484)
vec3(592,594,630)
vec3(649,651,650)
vec3(485,485,485)
vec3(594,596,631)
vec3(651,653,652)
vec3(486,486,486)
vec3(596,598,632)
vec3(653,763,654)
vec3(487,487,487)
vec3(632,598,600)
vec3(654,763,655)
vec3(488,488,488)
vec3(544,542,600)
vec3(659,764,765)
vec3(489,489,489)
vec3(542,540,600)
vec3(764,766,765)
vec3(489,489,489)
vec3(540,602,600)
vec3(766,767,765)
vec3(489,489,489)
vec3(600,598,592)
vec3(765,768,769)
vec3(489,489,489)
vec3(598,596,592)
vec3(768,770,769)
vec3(489,489,489)
vec3(596,594,592)
vec3(770,771,769)
vec3(489,489,489)
vec3(592,590,584)
vec3(769,772,773)
vec3(489,489,489)
vec3(590,588,584)
vec3(772,774,773)
vec3(489,489,489)
vec3(588,586,584)
vec3(774,775,773)
vec3(489,489,489)
vec3(584,582,580)
vec3(773,776,777)
vec3(489,489,489)
vec3(580,578,584)
vec3(777,778,773)
vec3(489,489,489)
vec3(578,576,584)
vec3(778,657,773)
vec3(489,489,489)
vec3(576,574,568)
vec3(657,779,780)
vec3(489,489,489)
vec3(574,572,568)
vec3(779,781,780)
vec3(489,489,489)
vec3(572,570,568)
vec3(781,782,780)
vec3(489,489,489)
vec3(568,566,564)
vec3(780,783,784)
vec3(489,489,489)
vec3(564,562,568)
vec3(784,785,780)
vec3(489,489,489)
vec3(562,560,568)
vec3(785,658,780)
vec3(489,489,489)
vec3(560,558,552)
vec3(658,786,787)
vec3(489,489,489)
vec3(558,556,552)
vec3(786,788,787)
vec3(489,489,489)
vec3(556,554,552)
vec3(788,789,787)
vec3(489,489,489)
vec3(552,550,548)
vec3(787,790,791)
vec3(489,489,489)
vec3(548,546,552)
vec3(791,792,787)
vec3(489,489,489)
vec3(546,544,552)
vec3(792,659,787)
vec3(489,489,489)
vec3(544,600,592)
vec3(659,765,769)
vec3(489,489,489)
vec3(592,584,576)
vec3(769,773,657)
vec3(489,489,489)
vec3(576,568,560)
vec3(657,780,658)
vec3(489,489,489)
vec3(560,552,544)
vec3(658,787,659)
vec3(489,489,489)
vec3(544,592,576)
vec3(659,769,657)
vec3(489,489,489)
vec3(600,602,634)
vec3(655,661,660)
vec3(490,490,490)
vec3(602,540,603)
vec3(661,793,662)
vec3(491,491,491)
vec3(551,641,640)
vec3(663,663,664)
vec3(492,492,492)
vec3(634,603,539)
vec3(660,662,665)
vec3(493,493,493)
vec3(633,634,601)
vec3(656,660,666)
vec3(494,494,494)
vec3(632,633,599)
vec3(654,656,667)
vec3(495,495,495)
vec3(631,632,597)
vec3(652,654,668)
vec3(496,496,496)
vec3(630,631,595)
vec3(650,652,669)
vec3(497,497,497)
vec3(629,630,593)
vec3(648,650,670)
vec3(498,498,498)
vec3(628,629,591)
vec3(646,648,671)
vec3(499,499,499)
vec3(627,628,589)
vec3(644,646,672)
vec3(500,500,500)
vec3(626,627,587)
vec3(642,644,673)
vec3(501,501,501)
vec3(625,626,585)
vec3(641,642,674)
vec3(502,502,502)
vec3(624,625,583)
vec3(639,641,675)
vec3(503,503,503)
vec3(623,624,581)
vec3(637,639,676)
vec3(504,504,504)
vec3(622,623,579)
vec3(635,637,677)
vec3(505,505,505)
vec3(621,622,577)
vec3(633,635,678)
vec3(506,506,506)
vec3(620,621,575)
vec3(631,633,679)
vec3(507,507,507)
vec3(619,620,573)
vec3(629,631,680)
vec3(508,508,508)
vec3(618,619,571)
vec3(627,629,681)
vec3(509,509,509)
vec3(617,618,569)
vec3(626,627,682)
vec3(510,510,510)
vec3(616,617,567)
vec3(624,626,683)
vec3(511,511,511)
vec3(615,616,565)
vec3(622,624,684)
vec3(512,512,512)
vec3(614,615,563)
vec3(620,622,685)
vec3(513,513,513)
vec3(613,614,561)
vec3(618,620,686)
vec3(514,514,514)
vec3(612,613,559)
vec3(616,618,687)
vec3(515,515,515)
vec3(611,612,557)
vec3(614,616,688)
vec3(516,516,516)
vec3(610,611,555)
vec3(612,614,689)
vec3(517,517,517)
vec3(609,610,553)
vec3(611,612,690)
vec3(518,518,518)
vec3(608,609,551)
vec3(609,611,663)
vec3(519,519,519)
vec3(607,608,549)
vec3(607,609,664)
vec3(520,520,520)
vec3(606,607,547)
vec3(605,607,691)
vec3(521,521,521)
vec3(605,606,545)
vec3(603,605,692)
vec3(522,522,522)
vec3(604,605,543)
vec3(600,603,693)
vec3(523,523,523)
vec3(603,604,541)
vec3(601,600,694)
vec3(524,524,524)
vec3(653,685,684)
vec3(679,679,680)
vec3(507,507,507)
vec3(569,650,649)
vec3(682,682,683)
vec3(492,492,492)
vec3(587,659,658)
vec3(673,673,674)
vec3(492,492,492)
vec3(543,637,636)
vec3(693,693,694)
vec3(492,492,492)
vec3(561,646,645)
vec3(686,686,687)
vec3(492,492,492)
vec3(577,579,655)
vec3(678,677,677)
vec3(492,492,492)
vec3(597,664,663)
vec3(668,668,669)
vec3(492,492,492)
vec3(553,642,641)
vec3(690,690,663)
vec3(492,492,492)
vec3(571,651,650)
vec3(681,681,682)
vec3(492,492,492)
vec3(589,660,659)
vec3(672,672,673)
vec3(492,492,492)
vec3(545,638,637)
vec3(692,692,693)
vec3(492,492,492)
vec3(561,563,647)
vec3(686,685,685)
vec3(492,492,492)
vec3(581,656,655)
vec3(676,676,677)
vec3(492,492,492)
vec3(599,665,664)
vec3(667,667,668)
vec3(492,492,492)
vec3(555,643,642)
vec3(689,689,690)
vec3(492,492,492)
vec3(573,652,651)
vec3(680,680,681)
vec3(492,492,492)
vec3(591,661,660)
vec3(671,671,672)
vec3(492,492,492)
vec3(545,547,639)
vec3(692,691,691)
vec3(492,492,492)
vec3(565,648,647)
vec3(684,684,685)
vec3(492,492,492)
vec3(583,657,656)
vec3(675,675,676)
vec3(492,492,492)
vec3(601,666,665)
vec3(666,666,667)
vec3(492,492,492)
vec3(557,644,643)
vec3(688,688,689)
vec3(492,492,492)
vec3(575,653,652)
vec3(679,679,680)
vec3(492,492,492)
vec3(593,662,661)
vec3(670,670,671)
vec3(492,492,492)
vec3(549,640,639)
vec3(664,664,691)
vec3(492,492,492)
vec3(567,649,648)
vec3(683,683,684)
vec3(492,492,492)
vec3(585,658,657)
vec3(674,674,675)
vec3(492,492,492)
vec3(539,541,636)
vec3(695,694,694)
vec3(492,492,492)
vec3(539,635,666)
vec3(665,665,666)
vec3(492,492,492)
vec3(559,645,644)
vec3(687,687,688)
vec3(492,492,492)
vec3(575,577,654)
vec3(679,678,678)
vec3(492,492,492)
vec3(593,595,663)
vec3(670,669,669)
vec3(492,492,492)
vec3(686,687,751)
vec3(678,677,677)
vec3(489,489,489)
vec3(640,672,671)
vec3(664,664,691)
vec3(520,520,520)
vec3(635,667,698)
vec3(665,665,666)
vec3(493,493,493)
vec3(654,686,685)
vec3(678,678,679)
vec3(506,506,506)
vec3(641,673,672)
vec3(663,663,664)
vec3(519,519,519)
vec3(655,687,686)
vec3(677,677,678)
vec3(505,505,505)
vec3(642,674,673)
vec3(690,690,663)
vec3(518,518,518)
vec3(656,688,687)
vec3(676,676,677)
vec3(504,504,504)
vec3(643,675,674)
vec3(689,689,690)
vec3(517,517,517)
vec3(657,689,688)
vec3(675,675,676)
vec3(503,503,503)
vec3(644,676,675)
vec3(688,688,689)
vec3(516,516,516)
vec3(658,690,689)
vec3(674,674,675)
vec3(502,502,502)
vec3(645,677,676)
vec3(687,687,688)
vec3(515,515,515)
vec3(659,691,690)
vec3(673,673,674)
vec3(501,501,501)
vec3(646,678,677)
vec3(686,686,687)
vec3(514,514,514)
vec3(660,692,691)
vec3(672,672,673)
vec3(500,500,500)
vec3(647,679,678)
vec3(685,685,686)
vec3(513,513,513)
vec3(661,693,692)
vec3(671,671,672)
vec3(499,499,499)
vec3(648,680,679)
vec3(684,684,685)
vec3(512,512,512)
vec3(662,694,693)
vec3(670,670,671)
vec3(498,498,498)
vec3(649,681,680)
vec3(683,683,684)
vec3(511,511,511)
vec3(636,668,667)
vec3(694,694,695)
vec3(524,524,524)
vec3(663,695,694)
vec3(669,669,670)
vec3(497,497,497)
vec3(650,682,681)
vec3(682,682,683)
vec3(510,510,510)
vec3(637,669,668)
vec3(693,693,694)
vec3(523,523,523)
vec3(664,696,695)
vec3(668,668,669)
vec3(496,496,496)
vec3(651,683,682)
vec3(681,681,682)
vec3(509,509,509)
vec3(638,670,669)
vec3(692,692,693)
vec3(522,522,522)
vec3(665,697,696)
vec3(667,667,668)
vec3(495,495,495)
vec3(652,684,683)
vec3(680,680,681)
vec3(508,508,508)
vec3(639,671,670)
vec3(691,691,692)
vec3(521,521,521)
vec3(666,698,697)
vec3(666,666,667)
vec3(494,494,494)
vec3(713,777,776)
vec3(696,696,697)
vec3(511,511,511)
vec3(673,674,738)
vec3(663,690,690)
vec3(489,489,489)
vec3(687,688,752)
vec3(677,676,676)
vec3(489,489,489)
vec3(674,675,739)
vec3(690,689,689)
vec3(489,489,489)
vec3(688,689,753)
vec3(676,675,675)
vec3(489,489,489)
vec3(675,676,740)
vec3(689,688,688)
vec3(489,489,489)
vec3(689,690,754)
vec3(675,674,674)
vec3(489,489,489)
vec3(676,677,741)
vec3(688,687,687)
vec3(489,489,489)
vec3(690,691,755)
vec3(674,673,673)
vec3(489,489,489)
vec3(677,678,742)
vec3(687,686,686)
vec3(489,489,489)
vec3(691,692,756)
vec3(673,672,672)
vec3(489,489,489)
vec3(678,679,743)
vec3(686,685,685)
vec3(489,489,489)
vec3(692,693,757)
vec3(672,671,671)
vec3(489,489,489)
vec3(679,680,744)
vec3(685,684,684)
vec3(489,489,489)
vec3(693,694,758)
vec3(671,670,670)
vec3(489,489,489)
vec3(680,681,745)
vec3(684,683,683)
vec3(489,489,489)
vec3(667,668,732)
vec3(695,694,694)
vec3(489,489,489)
vec3(694,695,759)
vec3(670,669,669)
vec3(489,489,489)
vec3(681,682,746)
vec3(683,682,682)
vec3(489,489,489)
vec3(668,669,733)
vec3(694,693,693)
vec3(489,489,489)
vec3(695,696,760)
vec3(669,668,668)
vec3(489,489,489)
vec3(682,683,747)
vec3(682,681,681)
vec3(489,489,489)
vec3(669,670,734)
vec3(693,692,692)
vec3(489,489,489)
vec3(696,697,761)
vec3(668,667,667)
vec3(489,489,489)
vec3(683,684,748)
vec3(681,680,680)
vec3(489,489,489)
vec3(670,671,735)
vec3(692,691,691)
vec3(489,489,489)
vec3(697,698,762)
vec3(667,666,666)
vec3(489,489,489)
vec3(684,685,749)
vec3(680,679,679)
vec3(489,489,489)
vec3(671,672,736)
vec3(691,664,664)
vec3(489,489,489)
vec3(698,667,731)
vec3(666,665,665)
vec3(489,489,489)
vec3(685,686,750)
vec3(679,678,678)
vec3(489,489,489)
vec3(672,673,737)
vec3(664,663,663)
vec3(489,489,489)
vec3(699,731,732)
vec3(698,759,699)
vec3(492,492,492)
vec3(700,732,733)
vec3(700,699,701)
vec3(492,492,492)
vec3(702,701,733)
vec3(703,702,701)
vec3(492,492,492)
vec3(702,734,735)
vec3(703,704,705)
vec3(492,492,492)
vec3(704,703,735)
vec3(707,706,705)
vec3(492,492,492)
vec3(704,736,737)
vec3(707,708,709)
vec3(492,492,492)
vec3(705,737,738)
vec3(710,709,711)
vec3(492,492,492)
vec3(706,738,739)
vec3(712,711,713)
vec3(492,492,492)
vec3(707,739,740)
vec3(714,713,715)
vec3(492,492,492)
vec3(709,708,740)
vec3(717,716,715)
vec3(492,492,492)
vec3(709,741,742)
vec3(717,718,719)
vec3(492,492,492)
vec3(710,742,743)
vec3(720,719,721)
vec3(492,492,492)
vec3(712,711,743)
vec3(697,722,721)
vec3(492,492,492)
vec3(712,744,745)
vec3(697,723,724)
vec3(492,492,492)
vec3(713,745,746)
vec3(696,724,725)
vec3(492,492,492)
vec3(715,714,746)
vec3(727,726,725)
vec3(492,492,492)
vec3(715,747,748)
vec3(727,728,729)
vec3(492,492,492)
vec3(716,748,749)
vec3(730,729,731)
vec3(492,492,492)
vec3(717,749,750)
vec3(732,731,733)
vec3(492,492,492)
vec3(718,750,751)
vec3(734,733,735)
vec3(492,492,492)
vec3(720,719,751)
vec3(737,736,735)
vec3(492,492,492)
vec3(720,752,753)
vec3(737,738,739)
vec3(492,492,492)
vec3(721,753,754)
vec3(740,739,741)
vec3(492,492,492)
vec3(722,754,755)
vec3(742,741,743)
vec3(492,492,492)
vec3(723,755,756)
vec3(744,743,745)
vec3(492,492,492)
vec3(725,724,756)
vec3(747,746,745)
vec3(492,492,492)
vec3(725,757,758)
vec3(747,748,749)
vec3(492,492,492)
vec3(726,758,759)
vec3(750,749,751)
vec3(492,492,492)
vec3(728,727,759)
vec3(753,752,751)
vec3(492,492,492)
vec3(728,760,761)
vec3(753,754,755)
vec3(492,492,492)
vec3(729,761,762)
vec3(756,755,757)
vec3(492,492,492)
vec3(699,730,762)
vec3(698,758,757)
vec3(492,492,492)
vec3(794,763,764)
vec3(758,698,700)
vec3(492,492,492)
vec3(764,765,766)
vec3(700,702,703)
vec3(492,492,492)
vec3(766,767,770)
vec3(703,706,712)
vec3(492,492,492)
vec3(767,768,770)
vec3(706,707,712)
vec3(525,525,525)
vec3(768,769,770)
vec3(707,710,712)
vec3(492,492,492)
vec3(770,771,772)
vec3(712,714,716)
vec3(492,492,492)
vec3(772,773,774)
vec3(716,717,720)
vec3(526,526,526)
vec3(774,775,778)
vec3(720,722,726)
vec3(525,525,525)
vec3(775,776,778)
vec3(722,697,726)
vec3(492,492,492)
vec3(776,777,778)
vec3(697,696,726)
vec3(492,492,492)
vec3(778,779,780)
vec3(726,727,730)
vec3(492,492,492)
vec3(780,781,778)
vec3(730,732,726)
vec3(492,492,492)
vec3(781,782,778)
vec3(732,734,726)
vec3(492,492,492)
vec3(782,783,786)
vec3(734,736,742)
vec3(492,492,492)
vec3(783,784,786)
vec3(736,737,742)
vec3(527,527,527)
vec3(784,785,786)
vec3(737,740,742)
vec3(528,528,528)
vec3(786,787,790)
vec3(742,744,750)
vec3(492,492,492)
vec3(787,788,790)
vec3(744,746,750)
vec3(527,527,527)
vec3(788,789,790)
vec3(746,747,750)
vec3(492,492,492)
vec3(790,791,792)
vec3(750,752,753)
vec3(529,529,529)
vec3(792,793,794)
vec3(753,756,758)
vec3(492,492,492)
vec3(794,764,770)
vec3(758,700,712)
vec3(492,492,492)
vec3(764,766,770)
vec3(700,703,712)
vec3(492,492,492)
vec3(770,772,778)
vec3(712,716,726)
vec3(492,492,492)
vec3(772,774,778)
vec3(716,720,726)
vec3(492,492,492)
vec3(790,792,786)
vec3(750,753,742)
vec3(492,492,492)
vec3(792,794,786)
vec3(753,758,742)
vec3(492,492,492)
vec3(778,782,786)
vec3(726,734,742)
vec3(492,492,492)
vec3(794,770,786)
vec3(758,712,742)
vec3(492,492,492)
vec3(700,764,763)
vec3(700,700,698)
vec3(524,524,524)
vec3(727,791,790)
vec3(752,752,750)
vec3(497,497,497)
vec3(714,778,777)
vec3(726,726,696)
vec3(510,510,510)
vec3(701,765,764)
vec3(702,702,700)
vec3(523,523,523)
vec3(728,792,791)
vec3(753,753,752)
vec3(496,496,496)
vec3(715,779,778)
vec3(727,727,726)
vec3(509,509,509)
vec3(701,702,766)
vec3(702,703,703)
vec3(522,522,522)
vec3(729,793,792)
vec3(756,756,753)
vec3(495,495,495)
vec3(715,716,780)
vec3(727,730,730)
vec3(508,508,508)
vec3(703,767,766)
vec3(706,706,703)
vec3(521,521,521)
vec3(729,730,794)
vec3(756,758,758)
vec3(494,494,494)
vec3(717,781,780)
vec3(732,732,730)
vec3(507,507,507)
vec3(704,768,767)
vec3(707,707,706)
vec3(520,520,520)
vec3(699,763,794)
vec3(698,698,758)
vec3(493,493,493)
vec3(718,782,781)
vec3(734,734,732)
vec3(506,506,506)
vec3(705,769,768)
vec3(710,710,707)
vec3(519,519,519)
vec3(719,783,782)
vec3(736,736,734)
vec3(505,505,505)
vec3(706,770,769)
vec3(712,712,710)
vec3(518,518,518)
vec3(720,784,783)
vec3(737,737,736)
vec3(504,504,504)
vec3(707,771,770)
vec3(714,714,712)
vec3(517,517,517)
vec3(721,785,784)
vec3(740,740,737)
vec3(503,503,503)
vec3(708,772,771)
vec3(716,716,714)
vec3(516,516,516)
vec3(722,786,785)
vec3(742,742,740)
vec3(502,502,502)
vec3(709,773,772)
vec3(717,717,716)
vec3(515,515,515)
vec3(723,787,786)
vec3(744,744,742)
vec3(501,501,501)
vec3(710,774,773)
vec3(720,720,717)
vec3(514,514,514)
vec3(724,788,787)
vec3(746,746,744)
vec3(500,500,500)
vec3(711,775,774)
vec3(722,722,720)
vec3(513,513,513)
vec3(725,789,788)
vec3(747,747,746)
vec3(499,499,499)
vec3(712,776,775)
vec3(697,697,722)
vec3(512,512,512)
vec3(726,790,789)
vec3(750,750,747)
vec3(498,498,498)
